1	12	5	1368.06	1843.2	2154.5	2957.31	5332.99	9134.08	11296.8	13967.4
1	12	15	2088.96	2826.24	5038.08	8577.02	10575.9	13049.9
1	13	0	2252.8	2809.86	3563.52
1	13	1	1449.98	2285.57	2809.86	3547.14
1	13	5	1761.28	2072.58	2826.24	5136.38	8806.4	10887.2	13475.8
1	13	7	1351.68	1761.28	2056.19	2793.47	4972.54	8462.34	10444.8	12902.4
1	13	8	1417.22	1892.35	2203.65	3006.46	5382.14	9150.46	11313.2	13983.7
1	13	9	1810.43	2105.34	2842.62	5054.46	8577.02	10592.3	13066.2
1	13	12	1794.05	2105.34	2859.01	5136.38	8757.25	10821.6	13361.2
1	13	14	1892.35	2203.65	2990.08	5332.99	9052.16	11165.7	13787.1
2	5	15	1449.98	2138.11	3235.84	3858.43	4628.48
