1	1	0	-0.504385	0.00078265
1	1	1	-0.620013	0.000864677
1	1	2	-0.561452	0.000807042
1	1	3	-0.567875	0.000821013
1	1	4	0		1
1	1	5	-0.526679	0.000805769
1	1	6	-0.541602	0.000844847
1	1	7	-0.543922	0.000864405
1	1	8	-0.545704	0.000856066
1	1	9	-0.536009	0.000837721
1	1	10	-0.531231	0.000891254
1	1	11	-0.576428	0.00086352
1	1	12	-0.554627	0.000848121
1	1	13	-0.573761	0.000850012
1	1	14	0		1
1	1	15	-0.533188	0.000760176
1	2	0	-0.656699	0.000894594
1	2	1	-0.62761	0.000826222
1	2	2	-0.644901	0.000844968
1	2	3	-0.6655		0.000904973
1	2	4	-0.571575	0.000827737
1	2	5	-0.549925	0.000855102
1	2	6	-0.586562	0.000876279
1	2	7	-0.628956	0.000850663
1	2	8	-0.572214	0.000827874
1	2	9	-0.671871	0.000888423
1	2	10	-0.58136	0.000834217
1	2	11	-0.638079	0.000834958
1	2	12	-0.59455	0.000884301
1	2	13	-0.591408	0.000841149
1	2	14	-0.537953	0.00080307
1	2	15	-0.59569	0.000853775
1	3	0	-0.501609	0.000896796
1	3	1	-0.561792	0.000843868
1	3	2	-0.522769	0.000850203
1	3	3	-0.514348	0.000907206
1	3	4	-0.656776	0.000879929
1	3	5	-0.552883	0.000871161
1	3	6	-0.593901	0.000897729
1	3	7	-0.524979	0.000874261
1	3	8	-0.564804	0.000838844
1	3	9	-0.661267	0.00092069
1	3	10	-0.546459	0.000879653
1	3	11	-0.610459	0.000852193
1	3	12	-0.593054	0.000939013
1	3	13	-0.659248	0.000826652
1	3	14	-0.540105	0.000846715
1	3	15	-0.677736	0.000867157
1	4	0	-0.540481	0.000877002
1	4	1	-0.485608	0.000927413
1	4	2	-0.515024	0.000837124
1	4	3	-0.610048	0.000890408
1	4	4	-0.550809	0.00093464
1	4	5	-0.498497	0.000884709
1	4	6	-0.665531	0.000864233
1	4	7	-0.521051	0.000907462
1	4	8	-0.58607	0.000883178
1	4	9	-0.505823	0.00086778
1	4	10	-0.619561	0.000889778
1	4	11	-0.536474	0.000899673
1	4	12	-0.602827	0.000830866
1	4	13	-0.627265	0.000960329
1	4	14	-0.632037	0.000947182
1	4	15	-0.526066	0.000853671
1	5	0	-0.405113	0.000816194
1	5	1	-0.335884	0.000829826
1	5	2	-0.39048	0.000832596
1	5	3	-0.409837	0.000814364
1	5	4	-0.403935	0.000845551
1	5	5	-0.414951	0.000826886
1	5	6	-0.394962	0.000829713
1	5	7	-0.400498	0.000864178
1	5	8	-0.36141	0.000798894
1	5	9	-0.310468	0.000806682
1	5	10	-0.462625	0.000856992
1	5	11	-0.39767	0.000843961
1	5	12	-0.391639	0.000847542
1	5	13	-0.40043	0.000896766
1	5	14	-0.421577	0.000876759
1	5	15	-0.375994	0.000799529
1	6	0	-0.44056	0.0008908
1	6	1	-0.374278	0.000782677
1	6	2	-0.443946	0.000845001
1	6	3	-0.397122	0.000894386
1	6	4	-0.463949	0.000833857
1	6	5	-0.40976	0.000839749
1	6	6	-0.422864	0.000907418
1	6	7	-0.356456	0.000764517
1	6	8	-0.325593	0.000787334
1	6	9	-0.449999	0.000875575
1	6	10	-0.397327	0.000808176
1	6	11	-0.360524	0.000766201
1	6	12	-0.464527	0.000828042
1	6	13	-0.426035	0.000830351
1	6	14	-0.437873	0.000970901
1	6	15	-0.448237	0.000896086
1	7	0	-0.558747	0.000880932
1	7	1	-0.574942	0.000850869
1	7	2	-0.555671	0.000835049
1	7	3	-0.541313	0.000916847
1	7	4	-0.546662	0.000866307
1	7	5	-0.583192	0.000848618
1	7	6	-0.58049	0.000945285
1	7	7	-0.576953	0.000861603
1	7	8	-0.59222	0.000844684
1	7	9	-0.611137	0.000871834
1	7	10	-0.521642	0.00079659
1	7	11	-0.552834	0.00084568
1	7	12	-0.569743	0.00089286
1	7	13	-0.590363	0.000876662
1	7	14	-0.470456	0.000797896
1	7	15	-0.55379	0.000895377
1	8	0	0		1
1	8	1	0		1
1	8	2	0		1
1	8	3	-0.558633	0.000893264
1	8	4	-0.66719	0.000900836
1	8	5	-0.69077	0.000886818
1	8	6	-0.627155	0.000907488
1	8	7	-0.594743	0.000942467
1	8	8	-0.5969		0.00089553
1	8	9	-0.672968	0.000922637
1	8	10	-0.69332	0.000947609
1	8	11	-0.550777	0.000888976
1	8	12	-0.540454	0.000876796
1	8	13	-0.602267	0.00091989
1	8	14	-0.629203	0.000938891
1	9	0	-0.286987	0.000892707
1	9	1	-0.335316	0.000815221
1	9	2	-0.349264	0.000829284
1	9	3	-0.430206	0.000816327
1	9	4	-0.480328	0.000802634
1	9	5	-0.384878	0.000840433
1	9	6	-0.394029	0.000814973
1	9	7	-0.383643	0.000839615
1	9	8	-0.406155	0.000844284
1	9	9	-0.382259	0.000853264
1	9	10	-0.346145	0.000831409
1	9	11	-0.313129	0.000841731
1	9	12	-0.355008	0.000872546
1	9	13	-0.416287	0.000852653
1	9	14	-0.37889	0.000832008
1	9	15	-0.381575	0.000859318
1	10	0	-0.366272	0.000849598
1	10	1	-0.402455	0.000820089
1	10	2	-0.349527	0.000837374
1	10	3	-0.358493	0.000867332
1	10	4	-0.361975	0.000858832
1	10	5	-0.420363	0.000821073
1	10	6	-0.374306	0.000847728
1	10	7	-0.376681	0.000874422
1	10	8	-0.332338	0.00084589
1	10	9	-0.342574	0.000781417
1	10	10	-0.407691	0.000840232
1	10	11	-0.34068	0.000837265
1	10	12	-0.370127	0.000838292
1	10	13	-0.368622	0.000885691
1	10	14	-0.370291	0.000875442
1	10	15	-0.349343	0.000791563
1	11	0	-0.481934	0.000842996
1	11	1	-0.379483	0.000784521
1	11	2	-0.449864	0.000791662
1	11	3	-0.41395	0.000842911
1	11	4	-0.391936	0.000801915
1	11	5	-0.420098	0.000798082
1	11	6	-0.50251	0.00082701
1	11	7	-0.462412	0.000813653
1	11	8	-0.442297	0.000837072
1	11	9	-0.475587	0.000849038
1	11	10	-0.4615		0.000808629
1	11	11	-0.434477	0.000860855
1	11	12	-0.505074	0.000862926
1	11	13	-0.435607	0.000812742
1	11	14	-0.478788	0.000854987
1	11	15	-0.451803	0.000835721
1	12	0	-0.424631	0.000860649
1	12	1	-0.407476	0.00082095
1	12	2	-0.398232	0.000805382
1	12	3	-0.406005	0.000865667
1	12	4	-0.394736	0.000825621
1	12	5	-0.373212	0.000799689
1	12	6	-0.365885	0.000824374
1	12	7	-0.348603	0.000833604
1	12	8	-0.447438	0.000855894
1	12	9	-0.454229	0.000950317
1	12	10	-0.414091	0.000812943
1	12	11	-0.414641	0.000858698
1	12	12	-0.407145	0.000871716
1	12	13	-0.390778	0.000820373
1	12	14	-0.469744	0.000853738
1	12	15	-0.46458	0.000863472
1	13	0	-0.345761	0.000838819
1	13	1	-0.42772	0.000845065
1	13	2	-0.359907	0.000810341
1	13	3	-0.39834	0.000844196
1	13	4	-0.481868	0.000815146
1	13	5	-0.37477	0.000824068
1	13	6	-0.398463	0.00082274
1	13	7	-0.450993	0.000860428
1	13	8	-0.413456	0.000799263
1	13	9	-0.457391	0.000858812
1	13	10	-0.493765	0.00085501
1	13	11	-0.421017	0.000837105
1	13	12	-0.403531	0.000836408
1	13	13	-0.429506	0.000854118
1	13	14	-0.447677	0.000813527
1	13	15	-0.479548	0.000787455
1	14	0	-0.357335	0.000850642
1	14	1	-0.30753	0.000816349
1	14	2	-0.361314	0.000816183
1	14	3	-0.358778	0.00084641
1	14	4	-0.293028	0.000799535
1	14	5	-0.348359	0.000882376
1	14	6	-0.326098	0.000851257
1	14	7	-0.31128	0.000806107
1	14	8	-0.368563	0.000788989
1	14	9	-0.317466	0.000857646
1	14	10	-0.287951	0.00081236
1	14	11	-0.297811	0.000810446
1	14	12	-0.375936	0.000871881
1	14	13	-0.364601	0.000803729
1	14	14	-0.30295	0.000823625
1	14	15	-0.310469	0.000862037
2	1	0	-0.366891	0.000862778
2	1	1	-0.449849	0.00085075
2	1	2	-0.446338	0.000848644
2	1	3	-0.458896	0.000908231
2	1	4	-0.493018	0.000859101
2	1	5	-0.485062	0.000864268
2	1	6	-0.435926	0.000856255
2	1	7	-0.517404	0.000844278
2	1	8	-0.487559	0.000838122
2	1	9	-0.402926	0.000842973
2	1	10	-0.494667	0.000829164
2	1	11	-0.453163	0.000854293
2	1	12	-0.463354	0.000912306
2	1	13	-0.458936	0.000847543
2	1	14	-0.455632	0.000821316
2	1	15	-0.430936	0.00091532
2	2	0	-0.564571	0.00082367
2	2	1	-0.621966	0.000888227
2	2	2	-0.543531	0.000903659
2	2	3	-0.527268	0.00091158
2	2	4	-0.557825	0.000877716
2	2	5	-0.565779	0.000850089
2	2	6	-0.621421	0.000858398
2	2	7	-0.486917	0.000834104
2	2	8	-0.529511	0.000792285
2	2	9	-0.442683	0.000783693
2	2	10	-0.436556	0.000741513
2	2	11	-0.463082	0.000770413
2	2	12	-0.552981	0.000806856
2	2	13	-0.530914	0.000809764
2	2	14	-0.487668	0.000821994
2	2	15	-0.510855	0.000778091
2	3	0	-0.795243	0.000904926
2	3	1	-0.835469	0.000929632
2	3	2	-0.804485	0.00094693
2	3	3	-0.820382	0.00087202
2	3	4	-0.857932	0.000927137
2	3	5	-0.856555	0.000880757
2	3	6	-0.753407	0.000894801
2	3	7	-0.970808	0.000946062
2	3	8	-0.805099	0.000897898
2	3	9	-0.820625	0.000924508
2	3	10	-0.847017	0.000932983
2	3	11	-0.806362	0.000883602
2	3	12	-0.782237	0.000889473
2	3	13	-0.848919	0.00091067
2	3	14	-0.895547	0.000939589
2	3	15	-0.858151	0.000912455
2	4	0	-0.865622	0.000892818
2	4	1	-0.817406	0.000930971
2	4	2	-0.859004	0.000885931
2	4	3	-0.829895	0.000890774
2	4	4	-0.899442	0.000906283
2	4	5	-0.87863	0.000887428
2	4	6	-0.812903	0.000841721
2	4	7	-0.880316	0.000930883
2	4	8	-0.829073	0.000934074
2	4	9	-0.761292	0.000874317
2	4	10	-0.863558	0.000920428
2	4	11	-0.862002	0.000879674
2	4	12	-0.892245	0.000858556
2	4	13	-0.932082	0.000985053
2	4	14	-0.86523	0.000920106
2	4	15	-0.895712	0.000846166
2	5	0	-0.630716	0.000873667
2	5	1	-0.656388	0.000844967
2	5	2	-0.602991	0.000864533
2	5	3	-0.56577	0.000878793
2	5	4	-0.63923	0.000826221
2	5	5	-0.605736	0.000839961
2	5	6	-0.683054	0.000886229
2	5	7	-0.625763	0.000866175
2	5	8	-0.618548	0.000806767
2	5	9	-0.574991	0.000851201
2	5	10	-0.549449	0.000750424
2	5	11	-0.582749	0.000772456
2	5	12	-0.595131	0.0008077
2	5	13	-0.609137	0.000787228
2	5	14	-0.61669	0.000833853
2	5	15	-0.636489	0.000823058
2	6	0	-0.605567	0.000769494
2	6	1	-0.517798	0.000730693
2	6	2	-0.508359	0.000749544
2	6	3	-0.571801	0.000757765
2	6	4	-0.524467	0.000722293
2	6	5	-0.594285	0.000737289
2	6	6	-0.539898	0.000744296
2	6	7	-0.486089	0.00072255
2	6	8	-0.580752	0.00071528
2	6	9	-0.566826	0.000775459
2	6	10	-0.525409	0.000716275
2	6	11	-0.561545	0.000715989
2	6	12	-0.587287	0.000785866
2	6	13	-0.474267	0.000736744
2	6	14	-0.50182	0.000722134
2	6	15	-0.5505		0.000721405
2	7	0	-0.502806	0.000932403
2	7	1	-0.534444	0.000933841
2	7	2	-0.467638	0.000895884
2	7	3	-0.539684	0.000785356
2	7	4	-2.70689	0.00441276
2	7	5	-2.77595	0.00405244
2	7	6	-0.564239	0.000860192
2	7	7	-0.544016	0.00086841
2	7	8	-0.47154	0.000825698
2	7	9	-2.96518	0.00417062
2	7	10	0		1
2	7	11	-0.495603	0.000832059
2	7	12	-0.556852	0.000892273
2	7	13	-0.517838	0.000943025
2	7	14	-0.594824	0.000904154
2	7	15	-0.521916	0.000855264
2	8	0	-0.455013	0.000778128
2	8	1	0		1
2	8	2	0		1
2	8	3	-0.504552	0.000762756
2	8	4	-0.52187	0.00081732
2	8	5	-0.503814	0.000788176
2	8	6	-0.482705	0.000775955
2	8	7	-0.550647	0.000827758
2	8	8	-0.528228	0.000769694
2	8	9	-0.563		0.000758596
2	8	10	-0.522083	0.000766117
2	8	11	-0.459402	0.000729032
2	8	12	-0.622253	0.00080511
2	8	13	-0.562384	0.000786588
2	8	14	-0.487505	0.000801165
2	8	15	-0.41476	0.000693453
2	9	0	-0.232179	0.000704534
2	9	1	-0.318467	0.000739655
2	9	2	-0.274576	0.000718435
2	9	3	-0.339683	0.0007166
2	9	4	-0.393876	0.000739618
2	9	5	-0.330658	0.000719241
2	9	6	-0.376366	0.000716627
2	9	7	-0.389947	0.000744346
2	9	8	-0.386285	0.000736741
2	9	9	-0.318515	0.000704663
2	9	10	-0.364392	0.000704813
2	9	11	-0.338691	0.000712561
2	9	12	-0.391885	0.000716467
2	9	13	-0.362282	0.000791417
2	9	14	-0.328797	0.000755291
2	9	15	-0.288007	0.000712939
2	10	0	-0.370241	0.000761319
2	10	1	-0.377292	0.000705855
2	10	2	-0.350502	0.000746356
2	10	3	-0.404199	0.000785504
2	10	4	-0.388768	0.00072333
2	10	5	-0.387514	0.000712687
2	10	6	-0.369285	0.000738153
2	10	7	-0.346134	0.000695442
2	10	8	-0.394054	0.000744034
2	10	9	-0.396764	0.000755938
2	10	10	-0.325032	0.000643661
2	10	11	-0.395622	0.000738932
2	10	12	-0.335648	0.000751835
2	10	13	-0.413681	0.000715725
2	10	14	-0.372874	0.000688952
2	10	15	-0.380188	0.000749941
2	11	0	-0.454024	0.000887959
2	11	1	-0.550171	0.000918917
2	11	2	-0.551356	0.000913531
2	11	3	-0.540224	0.000895345
2	11	4	-0.536419	0.000934231
2	11	5	-0.525293	0.000961975
2	11	6	-0.592446	0.000918268
2	11	7	-0.671484	0.00106477
2	11	8	-0.546207	0.000863521
2	11	9	-0.581442	0.00091962
2	11	10	-0.548066	0.000850157
2	11	11	-0.526929	0.000864159
2	11	12	-0.55265	0.000873439
2	11	13	-0.550289	0.000954862
2	11	14	-0.475198	0.000873585
2	11	15	-0.480027	0.000885563
2	12	0	-0.495989	0.000753935
2	12	1	-0.580343	0.000817551
2	12	2	-0.516653	0.000805354
2	12	3	-0.537583	0.000748169
2	12	4	-0.445114	0.000721783
2	12	5	-0.569817	0.000759547
2	12	6	-0.514315	0.000717584
2	12	7	-0.483146	0.000717171
2	12	8	-0.638866	0.00090751
2	12	9	-0.58149	0.000883663
2	12	10	-0.565386	0.000858727
2	12	11	-0.566599	0.000862599
2	12	12	-0.521005	0.000863211
2	12	13	-0.564088	0.00090479
2	12	14	-0.602741	0.000871595
2	12	15	-0.56688	0.00084288
