1	3	0	1299.07	1720.68	2007.99	2720.34	4864.01	8305.22	10264.4	12584.5
1	3	1	1451.59	1903.29	2205.73	2966.36	5246.84	8902.05	10983.4	13451.3
1	3	2	1395	1841.95	2142.65	2897.19	5158.41	8783.18	10848.2	13295.2
1	3	3	1296.53	1713.2	1997.64	2704.09	4822.81	8224.4	10161.4	12452.6
1	3	4	1498.4	1930.83	2221.18	2951.04	5137.79	8642.93	10638.9	12997.4
1	3	5	1396.24	1832.79	2126.77	2863.13	5070.01	8607.21	10622.3	13003.3
1	3	6	1400.89	1824.39	2109.55	2823.22	4965.85	8396.71	10353	12668.4
1	3	7	1360.61	1793.17	2087.47	2819.75	5019.42	8546.64	10555.6	12927.4
1	3	8	1462.14	1916.04	2220.16	2985.36	5276.29	8944.28	11037.1	13513
1	3	9	1437.72	1851.39	2128.99	2824.77	4913.34	8261.1	10168.6	12425.2
1	3	10	1375.45	1807.76	2097.93	2826.83	5011.93	8518.57	10516.2	12875.9
1	3	11	1493.93	1940.84	2240.86	2993.47	5250.25	8866.89	10928.4	13372
1	3	12	1338.51	1741.3	2016.01	2699.14	4745.02	8034.94	9906.65	12125.2
1	3	13	1595.2	2059.4	2371.42	3145.56	5474.49	9203.02	11329.5	13843.9
1	3	14	1421.51	1871.47	2172.26	2930.14	5199.35	8836.27	10910.3	13368.3
1	3	15	1544.63	1983.37	2278.47	3016.75	5232.44	8787.44	10814.7	13214.6
1	4	0	1377.64	1810.95	2102.72	2834.23	5026.44	8547.84	10554.5	12923.6
1	4	1	1238.85	1649.22	1926.15	2619.55	4688.13	8017.17	9912.46	12158.3
1	4	2	1411.39	1866.32	2171.28	2938.14	5235.63	8920.8	11024.9	13511.1
1	4	3	1432.59	1860.3	2147.23	2867.4	5025.53	8490.4	10463.8	12797.1
1	4	4	1302.13	1706	1982.07	2669.92	4722.95	8026.33	9906.59	12135.9
1	4	5	1316.42	1744.35	2035.77	2758.45	4934.52	8424.94	10412.6	12765.3
1	4	6	1539.66	1980.55	2277.14	3020.02	5246.78	8819.04	10856	13269.1
1	4	7	1309.75	1725.92	2009.86	2713.48	4828.76	8227.09	10164.6	12455.1
1	4	8	1416.77	1847.64	2137.32	2863.71	5040.68	8538.28	10531.6	12885.4
1	4	9	1349.69	1785.36	2082.3	2820.59	5037.37	8595.94	10625.2	13021.2
1	4	10	1442.11	1869.77	2156.79	2877.22	5035.56	8502.21	10478.7	12811.4
1	4	11	1337.99	1758.83	2045.06	2754.77	4894.25	8325.66	10284.7	12601.8
1	4	12	1524.78	1983.28	2293.73	3064.28	5383.72	9100.12	11220.8	13727.4
1	4	13	1347.2	1741.06	2009.62	2679.32	4680.52	7900.49	9738.71	11909.1
1	4	14	1372.26	1771.53	2043.85	2719.77	4752.92	8023.49	9885.2	12090.8
1	4	15	1398.94	1846.67	2146.92	2901.38	5162.61	8794.37	10865.7	13318.4
1	7	0	1397.42	1832.96	2125.91	2859.39	5058.92	8596.38	10611.7	12989.5
1	7	1	1499.49	1969.39	2288.03	3077.84	5454.85	9266.39	11438.1	14007.3
1	7	2	1428.91	1868.62	2163.28	2902.44	5120.26	8682.49	10706.9	13108.5
1	7	3	1313.51	1724.92	2005.7	2702.64	4794.23	8158.39	10074.6	12338.9
1	7	4	1416.11	1865.56	2166.39	2922.76	5191.26	8830.23	10904.5	13361.9
1	7	5	1472.74	1922.94	2225	2983.94	5259.58	8907.21	10985.5	13447.9
1	7	6	1330.53	1737.72	2015.22	2704	4772.79	8096.69	9989.93	12228.9
1	7	7	1469.74	1927.58	2235.09	3007.3	5321.71	9033.07	11146.2	13649
1	7	8	1466.15	1907.89	2203.75	2947.53	5179.57	8757.1	10796.3	13211.3
1	7	9	1413.04	1823.61	2099.74	2789.11	4865.75	8197.13	10095.6	12339.6
1	7	10	1447.76	1904.78	2210.74	2980.69	5289.17	8993.89	11104.3	13603.7
1	7	11	1451.69	1909.67	2216.45	2987.39	5300.1	9009.54	11122.5	13626.1
1	7	12	844.253	975.86	1063.55	1286.85	1952.09	3033.05	3645.89	4374.56
1	7	13	1436.57	1873.64	2166.34	2901.96	5108.53	8651.73	10669.3	13056.5
1	7	14	1362.41	1806.22	2104.43	2851.94	5096.5	8699.67	10748.7	13180.1
1	7	15	1349.04	1763.72	2046.29	2747.51	4858.88	8252.05	10185.8	12471.1
1	8	0	1483.33	1942.77	2251.87	3027.65	5352.43	9066.42	11181.7	13690.5
1	8	1	1418.99	1845.15	2131.61	2849.74	5001.29	8445.62	10404.5	12728.1
1	8	2	709.76	839.649	2875.39	6701.08	8882.19	11528.7
1	8	3	1326.75	1742.29	2025.68	2727.91	4835.54	8206.17	10125.3	12401.3
1	8	4	1466.32	1900.24	2190.67	2922.17	5108.22	8605.18	10598.1	12954.4
1	8	5	1524.33	1967.78	2266.05	3014.55	5253.74	8833.33	10872.9	13294.6
1	8	6	1431.4	1872.17	2167.4	2909.97	5131.75	8685.28	10704.4	13106.6
1	8	7	1378.83	1820.95	2118.82	2864.51	5099.61	8676.88	10709.8	13127.6
1	8	8	1410.33	1854.72	2153.71	2902.25	5145.44	8729.66	10770.8	13195.2
1	8	9	1450.95	1883.12	2172.71	2901.33	5081.25	8567.56	10552.9	12903.4
1	8	10	1433.71	1853.71	2136.09	2843.8	4964.81	8355.95	10290	12583.3
1	8	11	1333.1	1757.86	2047.13	2765.62	4926.58	8376.84	10344.6	12676.5
1	8	12	1354.62	1792.69	2091.07	2833.86	5059.38	8619.16	10647.4	13048.3
1	8	13	1388.15	1825.02	2119.28	2856.66	5065.81	8603.17	10618.7	13003
1	8	14	1363.83	1791.25	2082.88	2806.22	4983	8464.32	10444.5	12793.2
1	8	15	1492.64	1956.82	2269.57	3054.14	5405.92	9161.43	11301.8	13839.1
2	3	0	1601.97	2019.54	2304.49	3006.39	5120.02	8516.34	10443.5	12728.7
2	3	1	1595.84	2000.75	2273.24	2957.26	5005.92	8297.21	10168.7	12387.8
2	3	2	1555.47	1974.95	2258.35	2968.95	5096.86	8506.53	10446.6	12746.6
2	3	3	1696.05	2134.51	2431.44	3166.87	5380.07	8920.58	10937.9	13332.1
2	3	4	1636.28	2046.46	2326.28	3016.54	5093.31	8423.58	10321.8	12571.4
2	3	5	1719.67	2153.4	2446.67	3174.68	5360.89	8861.51	10857	13223.2
2	3	6	1555.8	1980.87	2268.8	2988.52	5146.25	8604.67	10573.8	12901.4
2	3	7	1719.46	2122.61	2395.85	3071.31	5103.85	8358.52	10213.6	12410.3
2	3	8	1626.42	2046.54	2332.6	3038.04	5163.33	8570.39	10511.9	12803.2
2	3	9	1595.65	2003.97	2279.01	2967.46	5032.35	8339.41	10224.2	12453
2	3	10	1608.36	2014.71	2289.24	2973.98	5028.92	8319.85	10196.2	12418.1
2	3	11	1653.59	2082.28	2373.85	3096.1	5266.28	8746.74	10728.5	13073.4
2	3	12	1618	2043.92	2334.2	3050.91	5207.65	8665.85	10633.4	12960.6
2	3	13	1655.59	2073.81	2358.1	3060.92	5175.49	8568	10498.3	12780.1
2	3	14	1653.25	2057.25	2331.86	3011.05	5054.94	8333.26	10202.2	12414.5
2	3	15	1660.81	2077.05	2359.94	3059.29	5163.15	8541.93	10461.9	12738.1
2	4	0	1163.86	1215.62	1348.55	1729.42	2354.29	2705.25	3097.52
2	4	1	1641.23	2047.21	2334.79	3047.07	5191.67	8641.66	10608.2	12930.5
2	4	2	1749.7	2176.86	2477.15	3219.09	5458.07	9051.14	11098.3	13522.8
2	4	3	1129.51	1181.46	1317.13	1706.57	2342.62	2700.19	3100.32
2	4	4	1749.3	2152.13	2437.74	3144.96	5272.07	8698.61	10651.6	12955.7
2	4	5	1762.31	2174.54	2466.3	3189.44	5365.13	8859.74	10855.6	13217
2	4	6	1779.47	2212.63	2520.55	3280.35	5570.83	9247.68	11345.6	13824.9
2	4	7	1690.53	2076.33	2355.28	3042.79	5115.32	8453.73	10353.5	12604.4
2	4	8	1629.28	2008.04	2281.69	2968.67	5028.37	8340.25	10229.3	12461.9
2	4	9	1661.38	2068.21	2364.21	3094.35	5293.86	8830.5	10847.7	13236.1
2	4	10	1691.84	2076.96	2358.07	3052.01	5142.55	8508.08	10422.4	12688.1
2	4	11	1759.26	2167.79	2461.38	3189.12	5379.66	8890.62	10895	13270.5
2	4	12	1843.01	2257.96	2559.82	3302.93	5545.47	9141.61	11193.4	13624.4
2	4	13	1653.63	2010.72	2270.12	2923.03	4874.82	8020.16	9810.83	11929.5
2	4	14	1697.74	2083.41	2364.65	3059.18	5150.98	8516.96	10430.2	12697.3
2	4	15	1872.36	2294.36	2597.81	3353.23	5617.96	9255.9	11331.4	13785.3
2	7	0	1273.19	1697.39	1978.46	2691.26	4818.02	8250.6	10205.1	12515.2
2	7	1	1260.56	1663.89	1928.97	2602.83	4616.08	7852.27	9703.66	11884.8
2	7	2	1309.18	1759.06	2064.97	2823.42	5110.05	8779.75	10871.5	13348.9
2	7	3	1436.75	1871.49	2162.61	2893.68	5086.5	8616.36	10627.1	12997.7
2	7	4	1272.45	1683.15	1954.97	2645.41	4702.36	8024.65	9914.12	12152.6
2	7	5	1384.27	1797.9	2080.83	2780.72	4891.29	8283.32	10217.1	12501
2	7	6	1403.28	1829.99	2116.5	2834.28	4990.47	8458.37	10430.8	12762.8
2	7	7	1333.72	1738.14	2009.15	2692.44	4730.87	8023.85	9896.93	12115.1
2	7	8	1306.98	1732.37	2016.47	2729.18	4874.43	8326.49	10295.6	12622.9
2	7	9	1419.92	1845.68	2131.19	2846.1	4993.09	8451.76	10418.8	12743.9
2	7	10	1416.16	1836.77	2119.28	2823.64	4949.93	8365.43	10314.9	12618.1
2	7	11	1382.88	1834.74	2138.3	2898.59	5181.03	8849.5	10942.9	13419.8
2	7	12	1331.37	1737.66	2010.45	2696.87	4745.91	8054.12	9936.46	12164.5
2	7	13	1270.97	1689.66	1966.5	2669.05	4762.07	8142.06	10068.9	12343.5
2	7	14	1354.61	1752.32	2023.03	2698.43	4715.88	7972.05	9826.59	12017.6
2	7	15	1426.29	1894.35	2206.94	2993	5350.52	9141.58	11303.6	13857.1
2	8	0	1453.14	1945.62	2275.02	3103.85	5592.82	9603.86	11868.1	14556.3
2	8	1	1453.52	1939.27	2265.45	3083.62	5541.11	9502.9	11740.1	14393.3
2	8	2	21490
2	8	3	1525.86	2021.95	2357.25	3188.9	5686.71	9715.02	11993.9	14697.6
2	8	4	1466.79	1940.5	2258.62	3056.62	5450.6	9304.74	11485.7	14066
2	8	5	1487.39	1971.81	2299.58	3113.63	5563.94	9513.34	11744	14389.3
2	8	6	1467.21	1949.51	2273.36	3085.86	5524.84	9452.43	11677	14306.6
2	8	7	1482.67	1949.12	2261.99	3047.76	5407.64	9208.26	11360	13903.8
2	8	8	1569.59	2076.3	2419.39	3268.22	5823.52	9941.04	12273.7	15030.3
2	8	9	1610.88	2109.4	2446.12	3282.27	5797.4	9852	12148.7	14862.7
2	8	10	1499.99	1969.71	2284.93	3077.02	5455.2	9281.02	11445.4	14007.6
2	8	11	1458.34	1934.95	2254.63	3057.09	5467.89	9343.43	11540.2	14137.5
2	8	12	1604.65	2081.45	2404.1	3202.92	5614.24	9494.88	11689.5	14288.1
2	8	13	1502.05	1952.76	2256.22	3016.07	5298.02	8978.41	11059.5	13524.2
2	8	14	1406.4	1863.15	2169.45	2938.18	5245.6	8967.24	11076.6	13574
2	8	15	1470.68	1972.76	2313.32	3155.76	5690.79	9779.67	12096.9	14835.6
2	11	0	1286.16	1731.28	2029.23	2774.75	5018.79	8617.16	10663.8	13087
2	11	1	1266.37	1660.23	1919.17	2575.54	4533.89	7679.77	9472.5	11592.3
2	11	2	1367.04	1802.81	2100.35	2839.05	5050.2	8599.32	10618.4	13004.5
2	11	3	1292.83	1693.83	1960.76	2636.43	4648.53	7880.94	9721.57	11901
2	11	4	1330.56	1761.24	2055.63	2782.43	4971.57	8478.9	10470.8	12832.3
2	11	5	1255.17	1669.33	1942.31	2634.19	4693.77	8006.17	9887.13	12121.6
2	11	6	1450.67	1912.89	2222.66	2999.78	5327.17	9055.96	11175.3	13693
2	11	7	1388.59	1821.61	2112.65	2841.38	5023.69	8526.15	10516.3	12870
2	11	8	1401.23	1842.69	2140.38	2883.71	5111.11	8681.23	10711.5	13114.3
2	11	9	1350.65	1762.44	2043.98	2738.67	4830	8183.07	10090.7	12349
2	11	10	1424.36	1874.16	2175.29	2930.05	5190.96	8809.89	10869.5	13314.2
2	11	11	1378.91	1820.71	2117.92	2860.69	5087.62	8655.59	10684.3	13087.2
2	11	12	1393.53	1830.31	2123.92	2857.77	5057.51	8581.07	10585.4	12955.3
2	11	13	1278.04	1684.17	1954.24	2637.58	4670.99	7939.26	9799.92	12002.5
2	11	14	1301.63	1737.48	2030.92	2761.74	4962.46	8483.92	10486.5	12856.4
2	11	15	1289.42	1719.51	2007.34	2727.94	4896.43	8365.64	10341.9	12680.8
2	12	0	1507.53	1990.59	2316.36	3127.39	5569.73	9497.71	11715.4	14346.7
2	12	1	1550.34	2028.37	2352.57	3154.06	5570.86	9458.65	11656.9	14259.1
2	12	2	1505.72	1996.36	2329.14	3153.41	5634.51	9624.7	11871.6	14547.9
2	12	3	1562.72	2044.38	2373.07	3182.74	5623.19	9544.2	11752.2	14378.5
2	12	4	1499.44	2006.44	2350.88	3200.74	5756.94	9865.21	12187.7	14933.3
2	12	5	1462.6	1645.12	2101.15	3471.57	5692.37	7008.94	8643.83
2	12	6	1509.74	1964.82	2271.15	3039.43	5341.06	9044.37	11129.6	13594.2
2	12	7	1439.83	1884.77	2183.47	2933.04	5177.67	8788.56	10827.3	13247.3
2	12	8	1435.75	1855.8	2137.71	2845.22	4962.64	8346.3	10274.4	12564.7
2	12	9	1408.12	1836.76	2125.52	2848.68	5012.33	8476.58	10444.4	12782.1
2	12	10	1431.35	1874.53	2171.72	2918.76	5153.41	8728.74	10762	13174.9
2	12	11	1425.47	1866.29	2161.92	2904.65	5124.89	8678.49	10699.9	13098.3
2	12	12	1376.01	1817.48	2114.55	2860.34	5090.19	8657.92	10688	13096.5
2	12	13	1354.85	1771.28	2055.83	2761.07	4881.46	8269	10197.5	12486.8
2	12	14	1451.48	1888.24	2180.47	2917.18	5117.86	8637.57	10640	13013
2	12	15	1458.33	1910.01	2212.42	2973.45	5249.52	8887.8	10960.4	13424.9
