  ADC_ID    Channel    Wire    Side (1 - downstream, 2 - upstream)
    2		0	0	2
    2		1	1	2
    2		2	2	2
    2		3	3	2
    2		4	4	2
    2		5	5	2
    2		6	6	2
    2		7	7	2
    2		8	8	2
    2		9	9	2
    2		10	10	2
    2		11	11	2
    2		12	12	2
    2		13	13	2
    2		14	14	2
    2		15	15	2
    2		16	0	1
    2		17	1	1
    2		18	2       1
    2           19      3       1 
    2           20      4       1
    2           21      5       1
    2           22      6       1
    2           23      7       1
    2           24      8       1
    2           25      9       1
    2           26      10      1
    2           27      11      1
    2           28      12      1
    2           29      13      1
    2           30      14      1
    2           31      15      1
    3		0	16	2
    3		1	17	2
    3		2	18	2
    3		3	19	2
    3		4	20	2
    3		5	21	2
    3		6	22	2
    3		7	23	2
    3		8       16	1
    3		9       17	1
    3		10	18	1
    3		11	19	1
    3		12	20	1
    3		13	21	1
    3		14	22	1
    3		15	23	1
