0	0	0.0473943
0	1	0.0837434
0	2	0.0440724
0	3	0.0519073
0	4	0.0559368
0	5	0.0409621
0	6	0.051387
0	7	0.0581041
0	8	0.0404987
0	9	0.0303027
0	10	0.02519
0	11	0.0211105
0	12	0.0292951
0	13	0.000810943
0	14	-0.00777189
0	15	-0.0279217
0	16	0.0765443
0	17	0.129921
0	18	0.152768
0	19	0.170636
0	20	0.176724
0	21	0.170483
0	22	0.181495
0	23	0.164514
0	24	0.159515
0	25	0.153372
0	26	0.146496
0	27	0.149291
0	28	0.133334
0	29	0.141215
0	30	0.158837
0	31	0.155287
1	0	0.0792981
1	1	0.0605677
1	2	0.0739285
1	3	0.0826117
1	4	0.0714692
1	5	0.0628224
1	6	0.0756858
1	7	0.0728191
1	8	0.0517257
1	9	0.0746131
1	10	0.0724613
1	11	0.0876867
1	12	0.0684927
1	13	-9.56211
1	14	0.0602913
1	15	0.0849704
1	16	0.199373
1	17	0.158921
1	18	0.168187
1	19	0.152362
1	20	0.173139
1	21	0.163819
1	22	0.154438
1	23	0.137332
1	24	0.124884
1	25	0.156177
1	26	0.162171
1	27	0.124057
1	28	0.129261
1	29	-0.172409
1	30	0.147987
1	31	0.0980514
2	0	0.0629845
2	1	0.054
2	2	0.0970816
2	3	0.0526374
2	4	0.0553036
2	5	0.0666417
2	6	0.0630462
2	7	0.0744663
2	8	0.0789987
2	9	0.0592206
2	10	0.0684757
2	11	0.0376678
2	12	-0.0399063
2	13	0.0291096
2	14	0.0703355
2	15	0.0869274
2	16	-0.2244252
2	17	0.0992925
2	18	0.152959
2	19	0.0642208
2	20	0.195446
2	21	0.410458
2	22	0.169244
2	23	0.161516
2	24	0.162095
2	25	0.154769
2	26	0.151751
2	27	0.148815
2	28	0.147069
2	29	0.190608
2	30	0.124751
2	31	0.159739
3	0	0.0744314
3	1	0.116597
3	2	0.0985411
3	3	0.0564467
3	4	0.124764
3	5	0.11218
3	6	0.0691872
3	7	0.0859491
3	8	0.087829
3	9	0.0490226
3	10	0.0722517
3	11	0.0551997
3	12	0.0499968
3	13	0.0570632
3	14	0.0183759
3	15	0.0390585
3	16	-2.566900
3	17	0.169057
3	18	0.156233
3	19	0.171036
3	20	0.139684
3	21	0.15239
3	22	0.175898
3	23	0.155985
3	24	0.47235
3	25	0.149059
3	26	0.150115
3	27	0.16868
3	28	-0.456471
3	29	0.145829
3	31	0.379821
