ID	Chan	Offset	Volts/Chan
2	0	0.025	250.000
2	0	0.05	500.000
2	0	0.075	750.000
2	0	0.1	1000.00
2	0	0.15	1500.00
2	0	0.2	2000.00
2	0	0.25	2500.00
2	0	0.3	3000.00
2	0	0.35	3500.00
2	1	0.025	250.000
2	1	0.05	500.000
2	1	0.075	750.000
2	1	0.1	1000.00
2	1	0.15	1500.00
2	1	0.2	2000.00
2	1	0.25	2500.00
2	1	0.3	3000.00
2	1	0.35	3500.00
2	2	0.025	250.000
2	2	0.05	500.000
2	2	0.075	750.000
2	2	0.1	1000.00
2	2	0.15	1500.00
2	2	0.2	2000.00
2	2	0.25	2500.00
2	2	0.3	3000.00
2	2	0.35	3500.00
2	3	0.025	250.000
2	3	0.05	500.000
2	3	0.075	750.000
2	3	0.1	1000.00
2	3	0.15	1500.00
2	3	0.2	2000.00
2	3	0.25	2500.00
2	3	0.3	3000.00
2	3	0.35	3500.00
2 	4	0.025	250.000
2	4	0.05	500.000
2	4	0.075	750.000
2	4	0.1	1000.00
2	4	0.15	1500.00
2	4	0.2	2000.00
2	4	0.25	2500.00
2	4	0.3	3000.00
2	4	0.35	3500.00
2	5	0.025	250.000
2	5	0.05	500.000
2	5	0.075	750.000
2	5	0.1	1000.00
2	5	0.15	1500.00
2	5	0.2	2000.00
2	5	0.25	2500.00
2	5	0.3	3000.00
2	5	0.35	3500.00
2	6	0.025	250.000
2	6	0.05	500.000
2	6	0.075	750.000
2	6	0.1	1000.00
2	6	0.15	1500.00
2	6	0.2	2000.00
2	6	0.25	2500.00
2	6	0.3	3000.00
2	6	0.35	3500.00
2	7	0.025	250.000
2	7	0.05	500.000
2	7	0.075	750.000
2	7	0.1	1000.00
2	7	0.15	1500.00
2	7	0.2	2000.00
2	7	0.25	2500.00
2	7	0.3	3000.00
2	7	0.35	3500.00
2	8	0.025	250.000
2	8	0.05	500.000
2	8	0.075	750.000
2	8	0.1	1000.00
2	8	0.15	1500.00
2	8	0.2	2000.00
2	8	0.25	2500.00
2	8	0.3	3000.00
2	8	0.35	3500.00
2	9	0.025	250.000
2	9	0.05	500.000
2	9	0.075	750.000
2	9	0.1	1000.00
2	9	0.15	1500.00
2	9	0.2	2000.00
2	9	0.25	2500.00
2	9	0.3	3000.00
2	9	0.35	3500.00
2	10	0.025	250.000
2	10	0.05	500.000
2	10	0.075	750.000
2	10	0.1	1000.00
2	10	0.15	1500.00
2	10	0.2	2000.00
2	10	0.25	2500.00
2	10	0.3	3000.00
2	10	0.35	3500.00
2	11	0.025	250.000
2	11	0.05	500.000
2	11	0.075	750.000
2	11	0.1	1000.00
2	11	0.15	1500.00
2	11	0.2	2000.00
2	11	0.25	2500.00
2	11	0.3	3000.00
2	11	0.35	3500.00
2	12	0.025	250.000
2	12	0.05	500.000
2	12	0.075	750.000
2	12	0.1	1000.00
2	12	0.15	1500.00
2	12	0.2	2000.00
2	12	0.25	2500.00
2	12	0.3	3000.00
2	12	0.35	3500.00
2	13	0.025	250.000
2	13	0.05	500.000
2	13	0.075	750.000
2	13	0.1	1000.00
2	13	0.15	1500.00
2	13	0.2	2000.00
2	13	0.25	2500.00
2	13	0.3	3000.00
2	13	0.35	3500.00
2	14	0.025	250.000
2	14	0.05	500.000
2	14	0.075	750.000
2	14	0.1	1000.00
2	14	0.15	1500.00
2	14	0.2	2000.00
2	14	0.25	2500.00
2	14	0.3	3000.00
2	14	0.35	3500.00
2	15	0.025	250.000
2	15	0.05	500.000
2	15	0.075	750.000
2	15	0.1	1000.00
2	15	0.15	1500.00
2	15	0.2	2000.00
2	15	0.25	2500.00
2	15	0.3	3000.00
2	15	0.35	3500.00
2	16	0.025	250.000
2	16	0.05	500.000
2	16	0.075	750.000
2	16	0.1	1000.00
2	16	0.15	1500.00
2	16	0.2	2000.00
2	16	0.25	2500.00
2	16	0.3	3000.00
2	16	0.35	3500.00
2	17	0.025	250.000
2	17	0.05	500.000
2	17	0.075	750.000
2	17	0.1	1000.00
2	17	0.15	1500.00
2	17	0.2	2000.00
2	17	0.25	2500.00
2	17	0.3	3000.00
2	17	0.35	3500.00
2	18	0.025	250.000
2	18	0.05	500.000
2	18	0.075	750.000
2	18	0.1	1000.00
2	18	0.15	1500.00
2	18	0.2	2000.00
2	18	0.25	2500.00
2	18	0.3	3000.00
2	18	0.35	3500.00
2	19	0.025	250.000
2	19	0.05	500.000
2	19	0.075	750.000
2	19	0.1	1000.00
2	19	0.15	1500.00
2	19	0.2	2000.00
2	19	0.25	2500.00
2	19	0.3	3000.00
2	19	0.35	3500.00
2	20	0.025	250.000
2	20	0.05	500.000
2	20	0.075	750.000
2	20	0.1	1000.00
2	20	0.15	1500.00
2	20	0.2	2000.00
2	20	0.25	2500.00
2	20	0.3	3000.00
2	20	0.35	3500.00
2	21	0.025	250.000
2	21	0.05	500.000
2	21	0.075	750.000
2	21	0.1	1000.00
2	21	0.15	1500.00
2	21	0.2	2000.00
2	21	0.25	2500.00
2	21	0.3	3000.00
2	21	0.35	3500.00
2	22	0.025	250.000
2	22	0.05	500.000
2	22	0.075	750.000
2	22	0.1	1000.00
2	22	0.15	1500.00
2	22	0.2	2000.00
2	22	0.25	2500.00
2	22	0.3	3000.00
2	22	0.35	3500.00
2	23	0.025	250.000
2	23	0.05	500.000
2	23	0.075	750.000
2	23	0.1	1000.00
2	23	0.15	1500.00
2	23	0.2	2000.00
2	23	0.25	2500.00
2	23	0.3	3000.00
2	23	0.35	3500.00
2	24	0.025	250.000
2	24	0.05	500.000
2	24	0.075	750.000
2	24	0.1	1000.00
2	24	0.15	1500.00
2	24	0.2	2000.00
2	24	0.25	2500.00
2	24	0.3	3000.00
2	24	0.35	3500.00
2	25	0.025	250.000
2	25	0.05	500.000
2	25	0.075	750.000
2	25	0.1	1000.00
2	25	0.15	1500.00
2	25	0.2	2000.00
2	25	0.25	2500.00
2	25	0.3	3000.00
2	25	0.35	3500.00
2	26	0.025	250.000
2	26	0.05	500.000
2	26	0.075	750.000
2	26	0.1	1000.00
2	26	0.15	1500.00
2	26	0.2	2000.00
2	26	0.25	2500.00
2	26	0.3	3000.00
2	26	0.35	3500.00
2	27	0.025	250.000
2	27	0.05	500.000
2	27	0.075	750.000
2	27	0.1	1000.00
2	27	0.15	1500.00
2	27	0.2	2000.00
2	27	0.25	2500.00
2	27	0.3	3000.00
2	27	0.35	3500.00
2	28	0.025	250.000
2	28	0.05	500.000
2	28	0.075	750.000
2	28	0.1	1000.00
2	28	0.15	1500.00
2	28	0.2	2000.00
2	28	0.25	2500.00
2	28	0.3	3000.00
2	28	0.35	3500.00
2	29	0.025	250.000
2	29	0.05	500.000
2	29	0.075	750.000
2	29	0.1	1000.00
2	29	0.15	1500.00
2	29	0.2	2000.00
2	29	0.25	2500.00
2	29	0.3	3000.00
2	29	0.35	3500.00
2	30	0.025	250.000
2	30	0.05	500.000
2	30	0.075	750.000
2	30	0.1	1000.00
2	30	0.15	1500.00
2	30	0.2	2000.00
2	30	0.25	2500.00
2	30	0.3	3000.00
2	30	0.35	3500.00
2	31	0.025	250.000
2	31	0.05	500.000
2	31	0.075	750.000
2	31	0.1	1000.00
2	31	0.15	1500.00
2	31	0.2	2000.00
2	31	0.25	2500.00
2	31	0.3	3000.00
2	31	0.35	3500.00
3	0	0.025	250.000
3	0	0.05	500.000
3	0	0.075	750.000
3	0	0.1	1000.00
3	0	0.15	1500.00
3	0	0.2	2000.00
3	0	0.25	2500.00
3	0	0.3	3000.00
3	0	0.35	3500.00
3	1	0.025	250.000
3	1	0.05	500.000
3	1	0.075	750.000
3	1	0.1	1000.00
3	1	0.15	1500.00
3	1	0.2	2000.00
3	1	0.25	2500.00
3	1	0.3	3000.00
3	1	0.35	3500.00
3	2	0.025	250.000
3	2	0.05	500.000
3	2	0.075	750.000
3	2	0.1	1000.00
3	2	0.15	1500.00
3	2	0.2	2000.00
3	2	0.25	2500.00
3	2	0.3	3000.00
3	2	0.35	3500.00
3	3	0.025	250.000
3	3	0.05	500.000
3	3	0.075	750.000
3	3	0.1	1000.00
3	3	0.15	1500.00
3	3	0.2	2000.00
3	3	0.25	2500.00
3	3	0.3	3000.00
3	3	0.35	3500.00
3	4	0.025	250.000
3	4	0.05	500.000
3	4	0.075	750.000
3	4	0.1	1000.00
3	4	0.15	1500.00
3	4	0.2	2000.00
3	4	0.25	2500.00
3	4	0.3	3000.00
3	4	0.35	3500.00
3	5	0.025	250.000
3	5	0.05	500.000
3	5	0.075	750.000
3	5	0.1	1000.00
3	5	0.15	1500.00
3	5	0.2	2000.00
3	5	0.25	2500.00
3	5	0.3	3000.00
3	5	0.35	3500.00
3	6	0.025	250.000
3	6	0.05	500.000
3	6	0.075	750.000
3	6	0.1	1000.00
3	6	0.15	1500.00
3	6	0.2	2000.00
3	6	0.25	2500.00
3	6	0.3	3000.00
3	6	0.35	3500.00
3	7	0.025	250.000
3	7	0.05	500.000
3	7	0.075	750.000
3	7	0.1	1000.00
3	7	0.15	1500.00
3	7	0.2	2000.00
3	7	0.25	2500.00
3	7	0.3	3000.00
3	7	0.35	3500.00
3	8	0.025	250.000
3	8	0.05	500.000
3	8	0.075	750.000
3	8	0.1	1000.00
3	8	0.15	1500.00
3	8	0.2	2000.00
3	8	0.25	2500.00
3	8	0.3	3000.00
3	8	0.35	3500.00
3	9	0.025	250.000
3	9	0.05	500.000
3	9	0.075	750.000
3	9	0.1	1000.00
3	9	0.15	1500.00
3	9	0.2	2000.00
3	9	0.25	2500.00
3	9	0.3	3000.00
3	9	0.35	3500.00
3	10	0.025	250.000
3	10	0.05	500.000
3	10	0.075	750.000
3	10	0.1	1000.00
3	10	0.15	1500.00
3	10	0.2	2000.00
3	10	0.25	2500.00
3	10	0.3	3000.00
3	10	0.35	3500.00
3	11	0.025	250.000
3	11	0.05	500.000
3	11	0.075	750.000
3	11	0.1	1000.00
3	11	0.15	1500.00
3	11	0.2	2000.00
3	11	0.25	2500.00
3	11	0.3	3000.00
3	11	0.35	3500.00
3	12	0.025	250.000
3	12	0.05	500.000
3	12	0.075	750.000
3	12	0.1	1000.00
3	12	0.15	1500.00
3	12	0.2	2000.00
3	12	0.25	2500.00
3	12	0.3	3000.00
3	12	0.35	3500.00
3	13	0.025	250.000
3	13	0.05	500.000
3	13	0.075	750.000
3	13	0.1	1000.00
3	13	0.15	1500.00
3	13	0.2	2000.00
3	13	0.25	2500.00
3	13	0.3	3000.00
3	13	0.35	3500.00
3	14	0.025	250.000
3	14	0.05	500.000
3	14	0.075	750.000
3	14	0.1	1000.00
3	14	0.15	1500.00
3	14	0.2	2000.00
3	14	0.25	2500.00
3	14	0.3	3000.00
3	14	0.35	3500.00
3	15	0.025	250.000
3	15	0.05	500.000
3	15	0.075	750.000
3	15	0.1	1000.00
3	15	0.15	1500.00
3	15	0.2	2000.00
3	15	0.25	2500.00
3	15	0.3	3000.00
3	15	0.35	3500.00
