DetNum	FrontCh	BackCh	min	max
4	0	0	-0.760	-0.400
4	0	1	-0.387	-0.027
4	0	2	-0.013	 0.347
4	0	3	 0.353	 0.707
4	1	0	-0.760	-0.407
4	1	1	-0.393	-0.040
4	1	2	-0.020	 0.347
4	1	3	 0.360	 0.713
4	2	0	-0.827	-0.460
4	2	1	-0.440	-0.067
4	2	2	-0.040	 0.313
4	2	3	 0.333	 0.707
4	3	0	-0.767	-0.393
4	3	1	-0.367	-0.013
4	3	2	 0.000	 0.360
4	3	3	 0.367	 0.727
5	0	0	-0.807	-0.407
5	0	1	-0.393	 0.013
5	0	2	 0.027	 0.433
5	0	3	 0.440	 0.840
5	1	0	-0.840	-0.447
5	1	1	-0.433	-0.033
5	1	2	-0.020	 0.380
5	1	3	 0.387	 0.773
5	2	0	-0.820	-0.440
5	2	1	-0.427	-0.033
5	2	2	-0.013	 0.373
5	2	3	 0.393	 0.780
5	3	0	-0.900	-0.500
5	3	1	-0.480	-0.073
5	3	2	-0.060	 0.340
5	3	3	 0.360	 0.767
6	0	0	0	0
6	0	1	0	0
6	0	2	0	0
6	0	3	0	0
6	1	0	0	0
6	1	1	0	0
6	1	2	0	0
6	1	3	0	0
6	2	0	0	0
6	2	1	0	0
6	2	2	0	0
6	2	3	0	0
6	3	0	0	0
6	3	1	0	0
6	3	2	0	0
6	3	3	0	0
7	0	0	-0.807	-0.393
7	0	1	-0.387	 0.020
7	0	2	 0.033	 0.447
7	0	3	 0.453	 0.660
7	1	0	-0.840	-0.440
7	1	1	-0.433	-0.040
7	1	2	-0.020	 0.380
7	1	3	 0.387	 0.633
7	2	0	-0.813	-0.433
7	2	1	-0.420	-0.033
7	2	2	-0.007	 0.373
7	2	3	 0.393	 0.780
7	3	0	-0.887	-0.493
7	3	1	-0.473	-0.073
7	3	2	-0.060	 0.347
7	3	3	 0.353	 0.760
8	0	0	-0.820	-0.433
8	0	1	-0.420	-0.020
8	0	2	-0.013	 0.387
8	0	3	 0.400	 0.640
8	1	0	-0.820	-0.407
8	1	1	-0.393	 0.027
8	1	2	 0.033	 0.453
8	1	3	 0.460	 0.740
8	2	0	-0.813	-0.433
8	2	1	-0.420	-0.020
8	2	2	 0.000	 0.400
8	2	3	 0.407	 0.700
8	3	0	-0.807	-0.427
8	3	1	-0.413	-0.013
8	3	2	-0.007	 0.387
8	3	3	 0.400	 0.787
9	0	0	0	0
9	0	1	0	0
9	0	2	0	0
9	0	3	0	0
9	1	0	0	0
9	1	1	0	0
9	1	2	0	0
9	1	3	0	0
9	2	0	0	0
9	2	1	0	0
9	2	2	0	0
9	2	3	0	0
9	3	0	0	0
9	3	1	0	0
9	3	2	0	0
9	3	3	0	0
10	0	0	-0.827	-0.433
10	0	1	-0.420	-0.020
10	0	2	-0.013	 0.387
10	0	3	 0.393	 0.773
10	1	0	-0.847	-0.447
10	1	1	-0.433	-0.040
10	1	2	-0.027	 0.373
10	1	3	 0.387	 0.767
10	2	0	-0.893	-0.493
10	2	1	-0.480	-0.073
10	2	2	-0.047	 0.347
10	2	3	 0.367	 0.767
10	3	0	-0.813	-0.420
10	3	1	-0.407	-0.007
10	3	2	-0.007	 0.393
10	3	3	 0.407	 0.793
11	0	0	-0.700	-0.347
11	0	1	0	0
11	0	2	0	0
11	0	3	0	0
11	1	0	-0.713	-0.373
11	1	1	0	0
11	1	2	0	0
11	1	3	0	0
11	2	0	-0.660	-0.320
11	2	1	0	0
11	2	2	0	0
11	2	3	0	0
11	3	0	0	0
11	3	1	0	0
11	3	2	0	0
11	3	3	0	0
12	0	0	-0.727	-0.380
12	0	1	-0.373	-0.020
12	0	2	-0.007	 0.347
12	0	3	 0.360	 0.700
12	1	0	-0.753	-0.400
12	1	1	-0.387	-0.033
12	1	2	-0.020	 0.333
12	1	3	 0.347	 0.693
12	2	0	-0.987	-1.000
12	2	1	-0.987	-1.000
12	2	2	-0.987	-1.000
12	2	3	-0.987	-1.000
12	3	0	0	0
12	3	1	0	0
12	3	2	0	0
12	3	3	0	0
13	0	0	0	0
13	0	1	0	0
13	0	2	0	0
13	0	3	0	0
13	1	0	0	0
13	1	1	0	0
13	1	2	0	0
13	1	3	0	0
13	2	0	0	0
13	2	1	0	0
13	2	2	0	0
13	2	3	0	0
13	3	0	0	0
13	3	1	0	0
13	3	2	0	0
13	3	3	0	0
14	0	0	-0.727	-0.373
14	0	1	-0.360	-0.013
14	0	2	 0.000	 0.353
14	0	3	 0.360	 0.700
14	1	0	-0.733	-0.367
14	1	1	-0.353	 0.013
14	1	2	 0.027	 0.393
14	1	3	 0.400	 0.760
14	2	0	-0.727	-0.380
14	2	1	-0.367	-0.020
14	2	2	 0.000	 0.347
14	2	3	 0.360	 0.707
14	3	0	-0.733	-0.380
14	3	1	-0.367	-0.013
14	3	2	-0.007	 0.347
14	3	3	 0.360	 0.707
15	0	0	-0.727	-0.353
15	0	1	-0.347	 0.020
15	0	2	 0.033	 0.407
15	0	3	 0.413	 0.780
15	1	0	-0.767	-0.407
15	1	1	-0.400	-0.040
15	1	2	-0.027	 0.340
15	1	3	 0.340	 0.700
15	2	0	-0.747	-0.387
15	2	1	-0.380	-0.020
15	2	2	-0.007	 0.360
15	2	3	 0.380	 0.747
15	3	0	-0.827	-0.467
15	3	1	-0.453	-0.073
15	3	2	-0.067	 0.307
15	3	3	 0.320	 0.700
16	0	0	-0.853	-0.453
16	0	1	-0.433	-0.033
16	0	2	-0.027	 0.367
16	0	3	 0.387	 0.773
16	1	0	-0.847	-0.440
16	1	1	-0.427	-0.033
16	1	2	-0.020	 0.360
16	1	3	 0.387	 0.773
16	2	0	-0.927	-0.513
16	2	1	-0.500	-0.087
16	2	2	-0.067	 0.313
16	2	3	 0.340	 0.740
16	3	0	-0.847	-0.440
16	3	1	-0.413	-0.013
16	3	2	-0.007	 0.380
16	3	3	 0.400	 0.793
17	0	0	-0.807	-0.400
17	0	1	-0.367	 0.020
17	0	2	 0.027	 0.453
17	0	3	 0.473	 0.893
17	1	0	-0.807	-0.427
17	1	1	-0.387	-0.047
17	1	2	 0.040	 0.407
17	1	3	 0.427	 0.800
17	2	0	-0.813	-0.427
17	2	1	-0.393	-0.007
17	2	2	-0.013	 0.380
17	2	3	 0.407	 0.820
17	3	0	-0.887	-0.487
17	3	1	-0.440	-0.040
17	3	2	-0.020	 0.340
17	3	3	 0.367	 0.793
18	0	0	0	0
18	0	1	0	0
18	0	2	0	0
18	0	3	0	0
18	1	0	0	0
18	1	1	0	0
18	1	2	0	0
18	1	3	0	0
18	2	0	0	0
18	2	1	0	0
18	2	2	0	0
18	2	3	0	0
18	3	0	0	0
18	3	1	0	0
18	3	2	0	0
18	3	3	0	0
19	0	0	-0.987	-0.407
19	0	1	-0.393	 0.020
19	0	2	 0.040	 0.453
19	0	3	 0.507	 0.920
19	1	0	-0.867	-0.453
19	1	1	-0.440	-0.033
19	1	2	-0.020	 0.380
19	1	3	 0.433	 0.833
19	2	0	-0.820	-0.427
19	2	1	-0.413	-0.013
19	2	2	 0.007	 0.393
19	2	3	 0.453	 0.867
19	3	0	-0.987	-0.507
19	3	1	-0.487	-0.067
19	3	2	-0.060	 0.347
19	3	3	 0.393	 0.833
20	0	0	-0.860	-0.460
20	0	1	-0.440	-0.040
20	0	2	-0.027	 0.380
20	0	3	 0.400	 0.787
20	1	0	-0.840	-0.420
20	1	1	-0.407	 0.020
20	1	2	 0.033	 0.453
20	1	3	 0.473	 0.873
20	2	0	-0.840	-0.460
20	2	1	-0.447	-0.040
20	2	2	-0.027	 0.380
20	2	3	 0.407	 0.800
20	3	0	-0.840	-0.447
20	3	1	-0.427	-0.033
20	3	2	-0.020	 0.373
20	3	3	 0.393	 0.787
21	0	0	0	0
21	0	1	0	0
21	0	2	0	0
21	0	3	0	0
21	1	0	-0.867	-0.453
21	1	1	-0.447	-0.040
21	1	2	-0.033	 0.380
21	1	3	 0.400	 0.787
21	2	0	0	0
21	2	1	0	0
21	2	2	0	0
21	2	3	0	0
21	3	0	-0.913	-0.520
21	3	1	-0.493	-0.073
21	3	2	-0.060	 0.327
21	3	3	 0.353	 0.767
22	0	0	-0.853	-0.447
22	0	1	-0.440	-0.033
22	0	2	-0.027	 0.387
22	0	3	 0.400	 0.793
22	1	0	-0.860	-0.460
22	1	1	-0.453	-0.040
22	1	2	-0.040	 0.373
22	1	3	 0.393	 0.787
22	2	0	-0.927	-0.527
22	2	1	-0.513	-0.100
22	2	2	-0.073	 0.313
22	2	3	 0.340	 0.747
22	3	0	-0.833	-0.447
22	3	1	-0.427	-0.027
22	3	2	-0.020	 0.387
22	3	3	 0.400	 0.800
23	0	0	-0.813	-0.400
23	0	1	-0.393	 0.020
23	0	2	 0.047	 0.447
23	0	3	 0.467	 0.860
23	1	0	-0.847	-0.447
23	1	1	-0.440	-0.033
23	1	2	-0.020	 0.393
23	1	3	 0.413	 0.800
23	2	0	-0.833	-0.440
23	2	1	-0.433	-0.033
23	2	2	-0.007	 0.380
23	2	3	 0.400	 0.793
23	3	0	-0.913	-0.500
23	3	1	-0.487	-0.067
23	3	2	-0.060	 0.347
23	3	3	 0.367	 0.773
