DetNum	FrontCh	BackCh	min	max
4	0	0	-0.767	-0.400
4	0	1	-0.387	-0.030
4	0	2	-0.023	 0.340
4	0	3	 0.343	 0.707
4	1	0	-0.773	-0.403
4	1	1	-0.403	-0.033
4	1	2	-0.027	 0.350
4	1	3	 0.353	 0.713
4	2	0	-0.827	-0.447
4	2	1	-0.443	-0.070
4	2	2	-0.057	 0.320
4	2	3	 0.323	 0.717
4	3	0	-0.780	-0.387
4	3	1	-0.383	-0.010
4	3	2	-0.007	 0.353
4	3	3	 0.360	 0.720
5	0	0	-0.817	-0.403
5	0	1	-0.397	 0.013
5	0	2	 0.027	 0.433
5	0	3	 0.443	 0.840
5	1	0	-0.843	-0.440
5	1	1	-0.440	-0.037
5	1	2	-0.027	 0.377
5	1	3	 0.383	 0.777
5	2	0	-0.820	-0.433
5	2	1	-0.430	-0.030
5	2	2	-0.020	 0.380
5	2	3	 0.383	 0.777
5	3	0	-0.903	-0.490
5	3	1	-0.497	-0.067
5	3	2	-0.060	 0.357
5	3	3	 0.347	 0.763
6	0	0	-1.000	-0.500
6	0	1	-0.500	 0.000
6	0	2	 0.000	 0.500
6	0	3	 0.500	 1.000
6	1	0	-1.000	-0.500
6	1	1	-0.500	 0.000
6	1	2	 0.000	 0.500
6	1	3	 0.500	 1.000
6	2	0	-1.000	-0.500
6	2	1	-0.500	 0.000
6	2	2	 0.000	 0.500
6	2	3	 0.500	 1.000
6	3	0	-1.000	-0.500
6	3	1	-0.500	 0.000
6	3	2	 0.000	 0.500
6	3	3	 0.500	 1.000
7	0	0	-0.810	-0.400
7	0	1	-0.393	 0.020
7	0	2	 0.030	 0.453
7	0	3	 0.460	 0.723
7	1	0	-0.840	-0.443
7	1	1	-0.440	-0.033
7	1	2	-0.023	 0.380
7	1	3	 0.380	 0.783
7	2	0	-0.817	-0.430
7	2	1	-0.427	-0.027
7	2	2	-0.013	 0.370
7	2	3	 0.383	 0.787
7	3	0	-0.897	-0.490
7	3	1	-0.483	-0.067
7	3	2	-0.063	 0.347
7	3	3	 0.350	 0.763
8	0	0	-0.830	-0.430
8	0	1	-0.427	-0.020
8	0	2	-0.017	 0.393
8	0	3	 0.390	 0.690
8	1	0	-0.827	-0.407
8	1	1	-0.407	 0.020
8	1	2	 0.033	 0.453
8	1	3	 0.453	 0.763
8	2	0	-0.823	-0.427
8	2	1	-0.423	-0.023
8	2	2	-0.010	 0.397
8	2	3	 0.403	 0.677
8	3	0	-0.817	-0.423
8	3	1	-0.417	-0.013
8	3	2	-0.010	 0.387
8	3	3	 0.393	 0.787
9	0	0	-1.000	-0.500
9	0	1	-0.500	 0.000
9	0	2	 0.000	 0.500
9	0	3	 0.500	 1.000
9	1	0	-1.000	-0.500
9	1	1	-0.500	 0.000
9	1	2	 0.000	 0.500
9	1	3	 0.500	 1.000
9	2	0	-1.000	-0.500
9	2	1	-0.500	 0.000
9	2	2	 0.000	 0.500
9	2	3	 0.500	 1.000
9	3	0	-1.000	-0.500
9	3	1	-0.500	 0.000
9	3	2	 0.000	 0.500
9	3	3	 0.500	 1.000
10	0	0	-0.833	-0.427
10	0	1	-0.423	-0.027
10	0	2	-0.017	 0.390
10	0	3	 0.387	 0.777
10	1	0	-0.850	-0.440
10	1	1	-0.443	-0.037
10	1	2	-0.030	 0.373
10	1	3	 0.377	 0.770
10	2	0	-0.897	-0.490
10	2	1	-0.483	-0.070
10	2	2	-0.047	 0.347
10	2	3	 0.360	 0.770
10	3	0	-0.810	-0.420
10	3	1	-0.410	-0.007
10	3	2	-0.010	 0.393
10	3	3	 0.397	 0.793
11	0	0	-0.693	-0.330
11	0	1	-0.500	 0.000
11	0	2	 0.000	 0.500
11	0	3	 0.500	 1.000
11	1	0	-0.717	-0.363
11	1	1	-0.500	 0.000
11	1	2	 0.000	 0.500
11	1	3	 0.500	 1.000
11	2	0	-0.660	-0.320
11	2	1	-0.500	 0.000
11	2	2	 0.000	 0.500
11	2	3	 0.500	 1.000
11	3	0	-1.000	-0.500
11	3	1	-0.500	 0.000
11	3	2	 0.000	 0.500
11	3	3	 0.500	 1.000
12	0	0	-0.737	-0.380
12	0	1	-0.377	-0.020
12	0	2	-0.010	 0.347
12	0	3	 0.350	 0.710
12	1	0	-0.760	-0.400
12	1	1	-0.400	-0.033
12	1	2	-0.030	 0.330
12	1	3	 0.340	 0.697
12	2	0	 0.340	-0.997
12	2	1	 0.340	-0.997
12	2	2	 0.340	-0.997
12	2	3	 0.340	-0.997
12	3	0	-1.000	-0.500
12	3	1	-0.500	 0.000
12	3	2	 0.000	 0.500
12	3	3	 0.500	 1.000
13	0	0	-1.000	-0.500
13	0	1	-0.500	 0.000
13	0	2	 0.000	 0.500
13	0	3	 0.500	 1.000
13	1	0	-1.000	-0.500
13	1	1	-0.500	 0.000
13	1	2	 0.000	 0.500
13	1	3	 0.500	 1.000
13	2	0	-1.000	-0.500
13	2	1	-0.500	 0.000
13	2	2	 0.000	 0.500
13	2	3	 0.500	 1.000
13	3	0	-1.000	-0.500
13	3	1	-0.500	 0.000
13	3	2	 0.000	 0.500
13	3	3	 0.500	 1.000
14	0	0	-0.723	-0.370
14	0	1	-0.370	-0.013
14	0	2	-0.003	 0.350
14	0	3	 0.343	 0.703
14	1	0	-0.733	-0.360
14	1	1	-0.360	 0.007
14	1	2	 0.020	 0.390
14	1	3	 0.390	 0.760
14	2	0	-0.730	-0.377
14	2	1	-0.377	-0.020
14	2	2	-0.007	 0.350
14	2	3	 0.350	 0.710
14	3	0	-0.743	-0.380
14	3	1	-0.377	-0.013
14	3	2	-0.010	 0.347
14	3	3	 0.343	 0.703
15	0	0	-0.730	-0.357
15	0	1	-0.357	 0.017
15	0	2	 0.027	 0.403
15	0	3	 0.403	 0.787
15	1	0	-0.767	-0.403
15	1	1	-0.403	-0.037
15	1	2	-0.030	 0.330
15	1	3	 0.333	 0.697
15	2	0	-0.753	-0.383
15	2	1	-0.380	-0.023
15	2	2	-0.013	 0.363
15	2	3	 0.370	 0.743
15	3	0	-0.830	-0.463
15	3	1	-0.450	-0.077
15	3	2	-0.070	 0.310
15	3	3	 0.310	 0.697
16	0	0	-0.850	-0.443
16	0	1	-0.437	-0.037
16	0	2	-0.030	 0.363
16	0	3	 0.387	 0.773
16	1	0	-0.850	-0.447
16	1	1	-0.447	-0.037
16	1	2	-0.017	 0.367
16	1	3	 0.387	 0.780
16	2	0	-0.943	-0.517
16	2	1	-0.507	-0.093
16	2	2	-0.083	 0.313
16	2	3	 0.337	 0.733
16	3	0	-0.843	-0.433
16	3	1	-0.430	-0.017
16	3	2	-0.010	 0.387
16	3	3	 0.390	 0.793
17	0	0	-0.813	-0.410
17	0	1	-0.390	 0.037
17	0	2	 0.040	 0.460
17	0	3	 0.467	 0.890
17	1	0	-0.847	-0.437
17	1	1	-0.427	-0.020
17	1	2	 0.010	 0.440
17	1	3	 0.437	 0.867
17	2	0	-0.817	-0.433
17	2	1	-0.413	-0.013
17	2	2	-0.013	 0.400
17	2	3	 0.397	 0.820
17	3	0	-0.897	-0.490
17	3	1	-0.473	-0.053
17	3	2	-0.043	 0.363
17	3	3	 0.370	 0.797
18	0	0	-1.000	-0.500
18	0	1	-0.500	 0.000
18	0	2	 0.000	 0.500
18	0	3	 0.500	 1.000
18	1	0	-1.000	-0.500
18	1	1	-0.500	 0.000
18	1	2	 0.000	 0.500
18	1	3	 0.500	 1.000
18	2	0	-1.000	-0.500
18	2	1	-0.500	 0.000
18	2	2	 0.000	 0.500
18	2	3	 0.500	 1.000
18	3	0	-1.000	-0.500
18	3	1	-0.500	 0.000
18	3	2	 0.000	 0.500
18	3	3	 0.500	 1.000
19	0	0	-0.840	-0.407
19	0	1	-0.403	 0.020
19	0	2	 0.047	 0.447
19	0	3	 0.450	 0.857
19	1	0	-0.863	-0.450
19	1	1	-0.447	-0.037
19	1	2	-0.027	 0.383
19	1	3	 0.380	 0.770
19	2	0	-0.827	-0.417
19	2	1	-0.410	-0.013
19	2	2	-0.003	 0.403
19	2	3	 0.403	 0.813
19	3	0	-0.940	-0.497
19	3	1	-0.500	-0.067
19	3	2	-0.070	 0.343
19	3	3	 0.347	 0.760
20	0	0	-0.863	-0.457
20	0	1	-0.457	-0.033
20	0	2	-0.037	 0.380
20	0	3	 0.387	 0.780
20	1	0	-0.853	-0.413
20	1	1	-0.413	 0.020
20	1	2	 0.030	 0.443
20	1	3	 0.460	 0.873
20	2	0	-0.850	-0.443
20	2	1	-0.443	-0.040
20	2	2	-0.027	 0.380
20	2	3	 0.400	 0.803
20	3	0	-0.840	-0.437
20	3	1	-0.440	-0.023
20	3	2	-0.020	 0.377
20	3	3	 0.380	 0.790
21	0	0	-1.000	-0.500
21	0	1	-0.500	 0.000
21	0	2	 0.000	 0.500
21	0	3	 0.500	 1.000
21	1	0	-0.867	-0.457
21	1	1	-0.457	-0.047
21	1	2	-0.040	 0.377
21	1	3	 0.390	 0.787
21	2	0	-1.000	-0.500
21	2	1	-0.500	 0.000
21	2	2	 0.000	 0.500
21	2	3	 0.500	 1.000
21	3	0	-0.920	-0.510
21	3	1	-0.510	-0.070
21	3	2	-0.077	 0.337
21	3	3	 0.347	 0.767
22	0	0	-0.857	-0.440
22	0	1	-0.447	-0.033
22	0	2	-0.023	 0.377
22	0	3	 0.397	 0.793
22	1	0	-0.857	-0.453
22	1	1	-0.450	-0.050
22	1	2	-0.050	 0.377
22	1	3	 0.383	 0.780
22	2	0	-0.933	-0.517
22	2	1	-0.507	-0.113
22	2	2	-0.080	 0.320
22	2	3	 0.333	 0.750
22	3	0	-0.837	-0.440
22	3	1	-0.430	-0.020
22	3	2	-0.023	 0.383
22	3	3	 0.390	 0.800
23	0	0	-0.797	-0.410
23	0	1	-0.410	 0.023
23	0	2	 0.027	 0.450
23	0	3	 0.460	 0.863
23	1	0	-0.853	-0.453
23	1	1	-0.447	-0.037
23	1	2	-0.023	 0.397
23	1	3	 0.410	 0.800
23	2	0	-0.843	-0.443
23	2	1	-0.433	-0.030
23	2	2	-0.017	 0.387
23	2	3	 0.390	 0.797
23	3	0	-0.920	-0.493
23	3	1	-0.500	-0.067
23	3	2	-0.067	 0.353
23	3	3	 0.367	 0.773
24	0	0	-0.857	-0.447
24	0	1	-0.443	-0.037
24	0	2	-0.033	 0.387
24	0	3	 0.387	 0.790
24	1	0	-0.850	-0.447
24	1	1	-0.447	-0.050
24	1	2	-0.040	 0.383
24	1	3	 0.393	 0.790
24	2	0	-0.917	-0.503
24	2	1	-0.497	-0.087
24	2	2	-0.060	 0.343
24	2	3	 0.357	 0.777
24	3	0	-0.817	-0.443
24	3	1	-0.437	-0.020
24	3	2	-0.023	 0.383
24	3	3	 0.387	 0.810
25	0	0	-0.820	-0.410
25	0	1	-0.393	 0.017
25	0	2	 0.040	 0.440
25	0	3	 0.463	 0.873
25	1	0	-0.853	-0.447
25	1	1	-0.450	-0.037
25	1	2	-0.040	 0.380
25	1	3	 0.403	 0.797
25	2	0	-0.840	-0.440
25	2	1	-0.443	-0.033
25	2	2	-0.017	 0.370
25	2	3	 0.387	 0.797
25	3	0	-0.913	-0.507
25	3	1	-0.487	-0.067
25	3	2	-0.073	 0.353
25	3	3	 0.363	 0.780
26	0	0	-0.843	-0.443
26	0	1	-0.437	-0.037
26	0	2	-0.027	 0.380
26	0	3	 0.500	 1.000
26	1	0	-0.827	-0.403
26	1	1	-0.403	 0.007
26	1	2	 0.027	 0.437
26	1	3	 0.500	 1.000
26	2	0	-0.823	-0.430
26	2	1	-0.430	-0.023
26	2	2	-0.017	 0.397
26	2	3	 0.500	 1.000
26	3	0	-0.823	-0.427
26	3	1	-0.420	-0.017
26	3	2	-0.013	 0.383
26	3	3	 0.500	 1.000
27	0	0	-1.000	-0.500
27	0	1	-0.500	 0.000
27	0	2	 0.000	 0.500
27	0	3	 0.500	 1.000
27	1	0	-0.863	-0.450
27	1	1	-0.453	-0.043
27	1	2	-0.037	 0.377
27	1	3	 0.390	 0.780
27	2	0	-0.837	-0.440
27	2	1	-0.437	-0.037
27	2	2	-0.027	 0.383
27	2	3	 0.387	 0.787
27	3	0	-0.940	-0.507
27	3	1	-0.503	-0.073
27	3	2	-0.077	 0.333
27	3	3	 0.350	 0.757
