1	11	0	1413.75	1863.75	2163.75	2921.25	5171.25
1	11	1	1391.25	1878.75	2201.25	3011.25	5441.25
1	11	2	1466.25	1946.25	2268.75	3071.25	5478.75
1	11	3	1338.75	1781.25	2088.75	2838.75	5103.75
1	11	4	1376.25	1848.75	2163.75	2958.75	5328.75
1	11	5	1421.25	1893.75	2208.75	3011.25	5396.25
1	11	6	1473.75	1923.75	2231.25	3003.75	5298.75
1	11	7	1443.75	1908.75	2216.25	3003.75	5336.25
1	11	8	1383.75	1841.25	2141.25	2913.75	5193.75
1	11	9	1398.75	1841.25	2141.25	2891.25	5126.25
1	11	10	1451.25	1916.25	2231.25	3018.75	5373.75
1	11	11	1331.25	1766.25	2066.25	2801.25	5006.25
1	11	12	1421.25	1863.75	2156.25	2898.75	5118.75
1	11	13	1421.25	1886.25	2201.25	2988.75	5343.75
1	11	14	1406.25	1848.75	2148.75	2906.25	5156.25
1	11	15	1406.25	1863.75	2171.25	2943.75	5253.75
1	12	0	1323.75	1751.25	2036.25	2756.25	4923.75
1	12	1	1443.75	2291.25	2846.25	3633.75
1	12	2	993.75	1481.25	2336.25	2891.25	3663.75
1	12	3	1301.25	1728.75	2021.25	2748.75	4946.25
1	12	4	1353.75	1803.75	2111.25	2883.75	5186.25
1	12	5	1368.75	1841.25	2156.25	2951.25	5336.25
1	12	6	1758.75	2066.25	2838.75	5156.25
1	12	7	1278.75	1736.25	2036.25	2793.75	5073.75
1	12	8	1788.75	2088.75	2831.25	5058.75
1	12	9	1706.25	1991.25	2703.75	4826.25
1	12	10	1406.25	1878.75	2193.75	2988.75	5366.25
1	12	11	1331.25	1766.25	2066.25	2816.25	5043.75
1	12	12	1293.75	1728.75	2013.75	2741.25	4916.25
1	12	13	1361.25	1818.75	2126.25	2906.25	5223.75
1	12	14	1391.25	1826.25	2126.25	2876.25	5118.75
1	12	15	2088.75	2823.75	5036.25
1	13	0	2261.25	2808.75	3566.25
1	13	1	1443.75	2283.75	2816.25	3543.75
1	13	2	1308.75	1766.25	2073.75	2853.75	5193.75
1	13	3	1301.25	1743.75	2043.75	2786.25	5036.25
1	13	4	1458.75	1916.25	2223.75	2996.25	5313.75
1	13	5	1758.75	2066.25	2831.25	5141.25
1	13	6	1346.25	1803.75	2111.25	2876.25	5171.25
1	13	7	1346.25	1766.25	2058.75	2786.25	4976.25
1	13	8	1421.25	1893.75	2208.75	3003.75	5381.25
1	13	9	1811.25	2111.25	2846.25	5058.75
1	13	10	1421.25	1863.75	2163.75	2906.25	5133.75
1	13	11	1368.75	1811.25	2118.75	2883.75	5163.75
1	13	12	1796.25	2103.75	2861.25	5133.75
1	13	13	1353.75	1788.75	2088.75	2831.25	5058.75
1	13	14	1901.25	2208.75	2988.75	5328.75
1	13	15	1526.25	1998.75	2321.25	3131.25	5538.75
1	14	0	1263.75	1706.25	1998.75	2748.75	4991.25
1	14	1	1248.75	1713.75	2021.25	2801.25	5141.25
1	14	2	1316.25	1773.75	2088.75	2868.75	5201.25
1	14	3	1263.75	1706.25	2006.25	2756.25	5006.25
1	14	4	1248.75	1721.25	2036.25	2831.25	5208.75
1	14	5	1196.25	1631.25	1916.25	2636.25	4788.75
1	14	6	1211.25	1661.25	1953.75	2703.75	4931.25
1	14	7	1263.75	1728.75	2043.75	2831.25	5193.75
1	14	8	1361.25	1841.25	2156.25	2966.25	5373.75
1	14	9	1188.75	1638.75	1931.25	2673.75	4878.75
1	14	10	1218.75	1691.25	1998.75	2778.75	5118.75
1	14	11	1241.25	1706.25	2021.25	2801.25	5148.75
1	14	12	1241.25	1676.25	1968.75	2696.25	4871.25
1	14	13	1331.25	1796.25	2118.75	2906.25	5276.25
1	14	14	1226.25	1683.75	1991.25	2763.75	5073.75
1	14	15	1181.25	1623.75	1916.25	2651.25	4848.75
2	1	0	1196.25	1631.25	1916.25	2628.75	4781.25
2	1	1	1346.25	1788.75	2096.25	2853.75	5103.75
2	1	2	1331.25	1773.75	2073.75	2816.25	5043.75
2	1	3	1293.75	1728.75	2021.25	2741.25	4923.75
2	1	4	1406.25	1863.75	2171.25	2943.75	5238.75
2	1	5	1368.75	1811.25	2111.25	2853.75	5081.25
2	1	6	1301.25	1728.75	2021.25	2741.25	4916.25
2	1	7	1428.75	1871.25	2171.25	2928.75	5171.25
2	1	8	1398.75	1848.75	2148.75	2898.75	5156.25
2	1	9	1233.75	1653.75	1931.25	2636.25	4728.75
2	1	10	1428.75	1878.75	2186.25	2951.25	5238.75
2	1	11	1346.25	1788.75	2096.25	2853.75	5103.75
2	1	12	1271.25	1683.75	1968.75	2673.75	4788.75
2	1	13	1346.25	1788.75	2088.75	2823.75	5058.75
2	1	14	1368.75	1811.25	2111.25	2861.25	5103.75
2	1	15	1271.25	1706.25	2006.25	2741.25	4961.25
2	2	0	1466.25	1908.75	2201.25	2943.75	5163.75
2	2	1	1458.75	1878.75	2156.25	2861.25	4968.75
2	2	2	1391.25	1826.25	2118.75	2853.75	5043.75
2	2	3	1368.75	1796.25	2088.75	2816.25	5006.25
2	2	4	1406.25	1833.75	2118.75	2838.75	4991.25
2	2	5	1458.75	1893.75	2186.25	2928.75	5141.25
2	2	6	1511.25	1946.25	2246.25	2981.25	5186.25
2	2	7	1338.75	1758.75	2043.75	2748.75	4863.75
2	2	8	1428.75	1856.25	2141.25	2861.25	5006.25
2	2	9	1368.75	1811.25	2111.25	2868.75	5111.25
2	2	10	1398.75	1848.75	2148.75	2906.25	5178.75
2	2	11	1398.75	1841.25	2141.25	2891.25	5133.75
2	2	12	1481.25	1923.75	2223.75	2973.75	5216.25
2	2	13	1383.75	1781.25	2051.25	2726.25	4758.75
2	2	14	1346.25	1758.75	2043.75	2748.75	4856.25
2	2	15	1451.25	1893.75	2193.75	2943.75	5178.75
2	5	0	1451.25	1856.25	2133.75	2838.75	4908.75
2	5	1	1601.25	2058.75	2366.25	3131.25	5433.75
2	5	2	1466.25	1893.75	2178.75	2898.75	5058.75
2	5	3	1368.75	1773.75	2051.25	2748.75	4803.75
2	5	4	1541.25	1983.75	2276.25	3018.75	5231.25
2	5	5	1533.75	1976.25	2268.75	3011.25	5238.75
2	5	6	1526.25	1946.25	2231.25	2943.75	5066.25
2	5	7	1518.75	1968.75	2268.75	3026.25	5268.75
2	5	8	1518.75	1931.25	2208.75	2898.75	4983.75
2	5	9	1398.75	1803.75	2081.25	2763.75	4811.25
2	5	10	1601.25	2081.25	2411.25	3221.25	5643.75
2	5	11	1503.75	1923.75	2208.75	2913.75	5021.25
2	5	12	1488.75	1908.75	2186.25	2891.25	4991.25
2	5	13	1533.75	1961.25	2253.75	2988.75	5156.25
2	5	14	1526.25	1976.25	2276.25	3026.25	5268.75
2	5	15	1458.75	2141.25	3236.25	3851.25	4623.75
2	6	0	1616.25	2081.25	2388.75	3168.75	5493.75
2	6	1	1653.75	2186.25	2538.75	3431.25	6078.75
2	6	2	1548.75	2028.75	2351.25	3161.25	5583.75
2	6	3	1578.75	2036.25	2351.25	3123.75	5433.75
2	6	4	1608.75	2096.25	2426.25	3243.75	5703.75
2	6	5	1676.25	2171.25	2501.25	3311.25	5756.25
2	6	6	1548.75	1998.75	2306.25	3063.75	5351.25
2	6	7	1623.75	2141.25	2493.75	3371.25	6003.75
2	6	8	1751.25	2276.25	2621.25	3498.75	6116.25
2	6	9	1571.25	2036.25	2351.25	3131.25	5471.25
2	6	10	1653.75	2163.75	2501.25	3356.25	5913.75
2	6	11	1736.25	2268.75	2621.25	3506.25	6153.75
2	6	12	1661.25	2178.75	2523.75	3378.75	5936.25
2	6	13	1571.25	2088.75	2433.75	3288.75	5876.25
2	6	14	1563.75	2043.75	2366.25	3168.75	5583.75
2	6	15	1623.75	2096.25	2418.75	3213.75	5606.25
2	9	0	1301.25	1833.75	2193.75	3086.25	5763.75
2	9	1	1331.25	1826.25	2156.25	2981.25	5463.75
2	9	2	1331.25	1848.75	2193.75	3063.75	5673.75
2	9	3	1391.25	1893.75	2223.75	3063.75	5598.75
2	9	4	1436.25	1938.75	2268.75	3101.25	5613.75
2	9	5	1383.75	1886.25	2223.75	3071.25	5606.25
2	9	6	1421.25	1908.75	2238.75	3063.75	5546.25
2	9	7	1391.25	1871.25	2186.25	2981.25	5388.75
2	9	8	1436.25	1938.75	2276.25	3123.75	5658.75
2	9	9	1338.75	1833.75	2156.25	2981.25	5448.75
2	9	10	1391.25	1871.25	2186.25	2996.25	5411.25
2	9	11	1391.25	1893.75	2231.25	3078.75	5613.75
2	9	12	1473.75	1983.75	2328.75	3176.25	5741.25
2	9	13	1353.75	1841.25	2171.25	2996.25	5471.25
2	9	14	1323.75	1803.75	2141.25	2951.25	5411.25
2	9	15	1383.75	1916.25	2268.75	3168.75	5861.25
2	10	0	1391.25	1893.75	2223.75	3056.25	5568.75
2	10	1	1466.25	1976.25	2321.25	3183.75	5756.25
2	10	2	1421.25	1946.25	2306.25	3183.75	5816.25
2	10	3	1398.75	1886.25	2208.75	3026.25	5471.25
2	10	4	1473.75	1983.75	2328.75	3191.25	5771.25
2	10	5	1496.25	2021.25	2373.75	3243.75	5883.75
2	10	6	1361.25	1833.75	2148.75	2943.75	5328.75
2	10	7	1436.25	1946.25	2291.25	3161.25	5748.75
2	10	8	1473.75	1991.25	2343.75	3213.75	5831.25
2	10	9	1443.75	1953.75	2291.25	3138.75	5688.75
2	10	10	1518.75	2081.25	2456.25	3393.75	6206.25
2	10	11	1496.25	2021.25	2381.25	3266.25	5928.75
2	10	12	1353.75	1856.25	2186.25	3026.25	5546.25
2	10	13	1496.25	2006.25	2343.75	3191.25	5733.75
2	10	14	1548.75	2111.25	2486.25	3416.25	6213.75
2	10	15	1421.25	1923.75	2261.25	3108.75	5643.75
