	0	0	0	-0.759	-0.346
	0	0	1	-0.336	 0.081
	0	0	2	 0.087   0.504
	0	0	3	 0.504	 0.921
	0	1	0	-0.779  -0.384
	0	1	1	-0.371   0.036   
	0	1	2	 0.042   0.442
	0	1	3	 0.442   0.842
	0	2	0	-0.785  -0.382
	0	2	1	-0.374   0.032
	0	2	2	 0.038   0.438
	0	2	3	 0.438   0.838
	0	3	0	-0.836  -0.436
	0	3	1	-0.426  -0.010
	0	3	2	-0.005   0.400
	0	3	3	 0.400   0.805
	1	0	0	-0.932  -0.522 
	1	0	1	-0.516  -0.110
	1	0	2	-0.106	 0.306
	1	0	3	 0.306   0.706
	1	1	0	-0.767  -0.344
	1	1	1	-0.334   0.089
	1	1	2	 0.101   0.515
	1	1	3	 0.515   0.929
	1	2	0	-0.783  -0.378
	1	2	1	-0.370   0.038	
	1	2	2	 0.043   0.443
	1	2	3	 0.443   0.843
	1	3	0	-0.791  -0.386 
	1	3	1	-0.376   0.027
	1	3	2	 0.034   0.434
	1	3	3	 0.434   0.834
	2	0	0	-0.759  -0.346
	2	0	1	-0.338   0.081
	2	0	2	 0.086   0.496	
	2	0	3	 0.496   0.906
	2	1	0	-0.776  -0.388
	2	1	1	-0.369   0.036
	2	1	2	 0.047   0.447
	2	1	3	 0.447   0.847
	2	2	0	-0.789  -0.387
	2	2	1	-0.376   0.030	
	2	2	2	 0.038   0.438 
	2	2	3	 0.438   0.838
	2	3	0	-0.844  -0.450 
	2	3	1	-0.440  -0.023
	2	3	2	-0.015   0.400
	2	3	3	 0.400   0.815
	3	0	0	-0.791  -0.382
	3	0	1	-0.378   0.029
	3	0	2	 0.032   0.442	
	3	0	3	 0.442   0.852
	3	1	0	-0.790  -0.386
	3	1	1	-0.373   0.033
	3	1	2	 0.041   0.441
	3	1	3	 0.441   0.841
	3	2	0	-0.857  -0.449
	3	2	1	-0.441  -0.020 	
	3	2	2	-0.015   0.400
	3	2	3	 0.400   0.815
	3	3	0	-0.778  -0.377 
	3	3	1	-0.371   0.032
	3	3	2	 0.040   0.440
	3	3	3	 0.440   0.840
	4	0	0	-0.767  -0.354
	4	0	1	-0.345   0.072
	4	0	2	 0.080   0.480
	4	0	3	 0.480   0.880
	4	1	0	-0.798  -0.386	
	4	1	1	-0.380   0.023	
	4	1	2	 0.030   0.430
	4	1	3	 0.430   0.830 
	4	2	0	-0.771  -0.379
	4	2	1	-0.372   0.036
	4	2	2	 0.040   0.440
	4	2	3	 0.440   0.840
	4	3	0	-0.867  -0.461
	4	3	1	-0.451  -0.037
	4	3	2	-0.031   0.421
	4	3	3	 0.421   0.831
	5	0	0	-0.810  -0.403
	5	0	1	-0.393   0.000
	5	0	2	 0.008   0.408
	5	0	3	 0.480   0.808
	5	1	0	-0.770  -0.354    
	5	1	1	-0.342   0.071
	5	1	2	 0.081   0.481
	5	1	3	 0.481   0.881
	5	2	0	-0.766  -0.379
	5	2	1	-0.372   0.027
	5	2	2	 0.036   0.436
	5	2	3	 0.436   0.836
	5	3	0	-0.776  -0.391
	5	3	1	-0.382   0.023
	5	3	2	 0.029   0.429
	5	3	3	 0.429   0.829
	6	0	0	-0.839  -0.443
	6	0	1	-0.430  -0.025
	6	0	2	-0.029   0.373	
	6	0	3	 0.385   0.770
	6	1	0	-0.819  -0.399
	6	1	1	-0.393   0.028
	6	1	2	 0.031   0.447
	6	1	3	 0.456   0.858
	6	2	0	-0.818  -0.434
	6	2	1	-0.426  -0.027   	
	6	2	2	-0.026   0.375
	6	2	3	 0.388   0.785
	6	3	0	-0.810  -0.418 
	6	3	1	-0.403  -0.002
	6	3	2	-0.009   0.390
	6	3	3	 0.399   0.797
	8	0	0	-0.844  -0.436
	8	0	1	-0.431  -0.024
	8	0	2	-0.019   0.387	
	8	0	3	 0.400   0.781
	8	1	0	-0.832  -0.425
	8	1	1	-0.425  -0.015
	8	1	2	-0.013   0.391
	8	1	3	 0.405   0.785
	8	2	0	-0.908  -0.519
	8	2	1	-0.504  -0.081	
	8	2	2	-0.076   0.343
	8	2	3	 0.359   0.774
	8	3	0	-0.829  -0.443 
	8	3	1	-0.431  -0.023
	8	3	2	-0.021   0.385
	8	3	3	 0.394   0.801
	9	0	0	-0.811  -0.394
	9	0	1	-0.393   0.032
	9	0	2	 0.035   0.445	
	9	0	3	 0.455   0.841
	9	1	0	-0.847  -0.445
	9	1	1	-0.431  -0.028
	9	1	2	-0.028   0.373
	9	1	3	 0.384   0.762
	9	2	0	-0.824  -0.447
	9	2	1	-0.438  -0.036	
	9	2	2	-0.032   0.369
	9	2	3	 0.379   0.780
	9	3	0	-0.905  -0.513 
	9	3	1	-0.503  -0.076
	9	3	2	-0.077   0.336
	9	3	3	 0.343   0.761
	10	0	0	-0.838  -0.433
	10	0	1	-0.428  -0.024
	10	0	2	-0.022   0.377	
	10	0	3	 0.387   0.769
	10	1	0	-0.826  -0.401
	10	1	1	-0.396   0.020
	10	1	2	 0.022   0.441
	10	1	3	 0.449   0.843
	10	2	0	-0.821  -0.428
	10	2	1	-0.422  -0.019	
	10	2	2	-0.016   0.386
	10	2	3	 0.393   0.794
	10	3	0	-0.820  -0.427 
	10	3	1	-0.418  -0.008
	10	3	2	-0.015   0.386
	10	3	3	 0.397   0.794
	11	0	0	-0.802  -0.398
	11	0	1	-0.389   0.022
	11	0	2	 0.024   0.434	
	11	0	3	 0.443   0.843
	11	1	0	-0.850  -0.445
	11	1	1	-0.441  -0.039
	11	1	2	-0.037   0.363
	11	1	3	 0.372   0.768
	11	2	0	-0.819  -0.430 
	11	2	1	-0.427  -0.029	
	11	2	2	-0.030   0.370
	11	2	3	 0.381   0.785
	11	3	0	-0.892  -0.492 
	11	3	1	-0.480  -0.066
	11	3	2	-0.066   0.346
	11	3	3	 0.357   0.772
	12	0	0	-0.718  -0.344
	12	0	1	-0.332   0.038
	12	0	2	 0.032   0.399	
	12	0	3	 0.416   0.768
	12	1	0	-0.750  -0.385
	12	1	1	-0.376  -0.013
	12	1	2	-0.018   0.336
	12	1	3	 0.347   0.699
	12	2	0	-0.731  -0.382
	12	2	1	-0.371  -0.015	
	12	2	2	-0.015   0.346
	12	2	3	 0.339   0.692
	12	3	0	-0.810  -0.450 
	12	3	1	-0.434  -0.618
	12	3	2	-0.067   0.298
	12	3	3	 0.308   0.672
	13	0	0	-0.738  -0.390
	13	0	1	-0.384  -0.030
	13	0	2	-0.026   0.331	
	13	0	3	 0.334   0.691
	13	1	0	-0.749  -0.400
	13	1	1	-0.391  -0.033
	13	1	2	-0.029   0.327
	13	1	3	 0.332   0.689
	13	2	0	-0.812  -0.465
	13	2	1	-0.452  -0.086	
	13	2	2	-0.069   0.303
	13	2	3	 0.302   0.672
	13	3	0	-0.729  -0.384 
	13	3	1	-0.373  -0.018 
	13	3	2	-0.016   0.342
	13	3	3	 0.346   0.701
	14	0	0	-0.715  -0.346
	14	0	1	-0.341   0.031
	14	0	2	 0.028   0.396	
	14	0	3	 0.400   0.763
	14	1	0	-0.752  -0.382
	14	1	1	-0.378  -0.017
	14	1	2	-0.013   0.321
	14	1	3	 0.332   0.688
	14	2	0	-0.745  -0.381
	14	2	1	-0.376  -0.018	
	14	2	2	-0.018   0.338
	14	2	3	 0.346   0.699
	14	3	0	-0.812  -0.443 
	14	3	1	-0.434  -0.056
	14	3	2	-0.064   0.306
	14	3	3	 0.314   0.682
	15	0	0	-0.747  -0.385
	15	0	1	-0.378  -0.025
	15	0	2	-0.025   0.328	
	15	0	3	 0.335   0.694
	15	1	0	-0.716  -0.345
	15	1	1	-0.342   0.025
	15	1	2	 0.022   0.389
	15	1	3	 0.400   0.767
	15	2	0	-0.739  -0.384
	15	2	1	-0.376  -0.019	
	15	2	2	-0.022   0.335
	15	2	3	 0.343   0.703
	15	3	0	-0.743  -0.385 
	15	3	1	-0.375  -0.019
	15	3	2	-0.021   0.338
	15	3	3	 0.344   0.702
	16	0	0	-0.718  -0.339
	16	0	1	-0.339   0.030
	16	0	2	 0.035	 0.358
	16	0	3	 0.412   0.754
	16	1	0	-0.760  -0.399
	16	1	1	-0.390  -0.021
	16	1	2	-0.020   0.348
	16	1	3	 0.357   0.718
	16	2	0	-0.758  -0.392
	16	2	1	-0.388  -0.025	
	16	2	2	-0.016   0.348
	16	2	3	 0.352   0.716
	16	3	0	-0.823  -0.456 
	16	3	1	-0.451  -0.070
	16	3	2	-0.070   0.307
	16	3	3	 0.315   0.699
	17	0	0	-0.747  -0.389
	17	0	1	-0.383  -0.026
	17	0	2	-0.025   0.340	
	17	0	3	 0.343   0.706
	17	1	0	-0.754  -0.399
	17	1	1	-0.389  -0.023
	17	1	2	-0.019   0.344
	17	1	3	 0.354   0.711
	17	2	0	-0.813  -0.450
	17	2	1	-0.442  -0.071	
	17	2	2	-0.055   0.309
	17	2	3	 0.327   0.695
	17	3	0	-0.742  -0.385 
	17	3	1	-0.374  -0.011
	17	3	2	-0.017   0.352
	17	3	3	 0.352   0.721
	18	0	0	-0.786  -0.378
	18	0	1	-0.364   0.044
	18	0	2	 0.044   0.461
	18	0	3	 0.461   0.868
	18	1	0	-0.830  -0.432
	18	1	1	-0.421  -0.029
	18	1	2 	-0.026   0.371
	18	1	3	 0.370   0.762
	18	2	0       -0.815  -0.427	 
	18	2	1	-0.417  -0.025
	18	2	2	-0.021   0.376
	18	2	3        0.374   0.771
	18	3	0	-0.897  -0.491
	18	3	1	-0.475  -0.062
	18	3	2	-0.065   0.350
	18	3	3	 0.346   0.760
	19	0	0	-0.825  -0.427 
	19	0	1	-0.422  -0.022
	19	0	2	-0.019   0.379
	19	0	3	 0.376   0.765
	19	1	0	-0.829  -0.430 
	19	1	1	-0.426  -0.028
	19	1	2	-0.023   0.376
	19	1	3	 0.374   0.759
	19	2	0	-0.889  -0.490 
	19	2	1	-0.483  -0.073
	19	2	2	-0.067   0.345
	19	2	3	 0.343   0.749
	19	3	0	-0.806  -0.413 
	19	3	1	-0.404  -0.004
	19	3	2	-0.007   0.398
	19	3	3	 0.394   0.789
	20	0	0	-0.795  -0.385
	20	0	1	-0.379   0.036
	20	0	2	 0.037   0.459
	20	0	3	 0.452   0.848
	20	1	0	-0.829  -0.434
	20	1	1	-0.426  -0.031
	20	1	2	-0.026   0.376
	20	1	3	 0.371   0.753
	20	2	0	-0.804  -0.422
	20	2	1	-0.414  -0.024
	20	2	2	-0.021   0.380
	20	2	3	 0.379   0.763
	20	3	0	-0.910  -0.502
	20	3	1	-0.492  -0.075
	20	3	2	-0.075   0.347
	20	3	3	 0.340   0.748	
	21	0	0	-0.823  -0.424	 
	21	0	1	-0.417  -0.017
	21	0	2	-0.013   0.392
	21	0	3	 0.386   0.772
	21	1	0	-0.803  -0.386 
	21	1	1	-0.379   0.031	
	21	1	2	 0.038   0.453
	21	1	3	 0.450   0.849
	21	2	0       -0.806  -0.415  
	21	2	1       -0.408  -0.015
	21	2	2	-0.013   0.387
	21	2	3	 0.387   0.775	
	21	3	0	-0.801  -0.411 
	21	3	1	-0.400  -0.003
	21	3	2	-0.006   0.390
	21	3	3	 0.385   0.769
	22	0	0	-0.808  -0.389  
	22	0	1	-0.382   0.031 
	22	0	2	 0.032   0.450
	22	0	3	 0.448   0.846
	22	1	0	-0.841  -0.431 
	22	1	1       -0.428  -0.025
	22	1	2	-0.021   0.388
	22	1	3	 0.388   0.775
	22	2	0	-0.812  -0.426 
	22	2	1	-0.421  -0.022
	22	2	2	-0.021   0.385
	22	2	3	 0.386   0.786
	22	3	0	-0.876  -0.476  
	22	3	1 	-0.464  -0.047
	22	3	2	-0.051   0.366
	22	3	3	 0.363   0.771
	23	0	0	 0	 0
	23	0	1	-0.428  -0.030
	23	0	2	-0.025   0.379
	23	0	3	 0.376   0.760
	23	1	0	 0	 0	 
	23	1	1	-0.423  -0.030 
	23	1	2	-0.025   0.374
	23	1	3	 0.372   0.756
	23	2	0	 0	 0
	23	2	1	-0.502  -0.087  
	23	2	2	-0.077   0.337
	23	2	3	 0.336   0.746
	23	3	0	 0	 0
	23	3	1	-0.414  -0.010 
	23	3	2	-0.011   0.391
	23	3	3	 0.389   0.788
	24 	0	0	-0.803  -0.395
	24	0	1	-0.389   0.020
	24	0	2	 0.022   0.438
	24	0	3	 0.438   0.834
	24	1	0	-0.843  -0.438	
	24	1	1	-0.426  -0.025
	24	1	2	-0.023   0.383
	24	1	3	 0.382   0.773
	24	2	0	-0.805  -0.425
	24	2	1	-0.418  -0.021	
	24	2	2	-0.016   0.387	
	24	2	3	 0.390   0.788	
	24	3	0	-0.890  -0.496	
	24	3	1	-0.480  -0.061 
	24	3	2	-0.065   0.351	
	24	3	3	 0.350   0.761
	25	0	0	-0.832  -0.429   
	25	0	1	-0.422  -0.021	
	25	0	2	-0.013   0.390
	25	0	3	 0.391   0.775
	25	1	0	-0.839  -0.426  
	25	1	1	-0.420  -0.020
	25	1	2	-0.020   0.390
	25	1	3	 0.392   0.773
	25	2	0	-0.900  -0.497 
	25	2	1	-0.488  -0.072
	25	2	2	-0.065   0.357
	25	2	3	 0.365   0.773
	25	3	0	-0.819  -0.423 
	25	3	1	-0.408  -0.003
	25	3	2	-0.003   0.402 
	25	3	3	 0.402   0.800			
	27	0	0	-1.000  -0.707 
	27	0	1 	-0.696  -0.299
	27	0	2	-0.291   0.108 
	27	0	3	 0.109   0.483
	27	1	0	-0.807  -0.390
	27	1	1	-0.383   0.033
	27	1	2	 0.036   0.457
	27	1	3	 0.454   0.847
	27	2	0	-0.818  -0.428
	27	2	1	-0.422  -0.022
	27	2	2	-0.016   0.394 
	27	2	3	 0.394   0.795 
	27	3	0	-0.812  -0.424
	27	3	1	-0.413  -0.010
	27	3	2	-0.013   0.394 
	27	3	3	 0.389   0.790
	28	0	0	-0.805  -0.394 
	28	0	1	-0.385   0.027 
	28	0	2	 0.029   0.448
	28	0	3	 0.445   0.851	 
	28	1	0	-0.841  -0.432 
	28	1	1	-0.428  -0.026		
	28	1	2	-0.023   0.383
	28	1	3	 0.380   0.776 
	28	2	0	-0.820  -0.419		
	28	2	1	-0.415  -0.016
	28	2	2	-0.013   0.394
	28	2	3	 0.396   0.800
	28	3	0	-0.905  -0.497
	28	3	1	-0.485  -0.067
	28	3	2	-0.058   0.357
	28	3	3	 0.354   0.777
	29	0	0	-0.816  -0.425 
	29	0	1	-0.417  -0.017
	29	0	2	-0.013   0.400
	29	0	3	 0.380   0.786 
	29	1	0	-0.821  -0.423
	29	1	1	-0.418  -0.020 
	29	1	2	-0.014   0.394 
	29	1	3	 0.376   0.780
	29	2	0	-0.655  -0.251
	29	2	1	-0.241   0.170
	29	2	2	 0.172   0.608
	29	2	3	 0.583   1.000
	29	3	0	-0.774  -0.381
	29	3	1	-0.370   0.032 
	29	3	2	 0.033   0.443  
	29	3	3	 0.423   0.835
