0	0	 0.0302685
0	1    0.057274
0	2	 0.0383697
0	3	 0.00
0	4	 0.0965781
0	5	 0.0901623
0	6	 0.0816352
0	7	 0.0808277
0	8	 0.0965781
0	9	 0.0901623
0	10	 0.0816352
0	11	 0.0808277
1	0    0.00701745
1	1    0.0105137
1	2    0.0353756
1	3    0.0
1	4	-0.338971
1	5	0.0958339
1	6	0.11777
1	7	0.110384
1	8	-0.338971
1	9	0.0958339
1	10	0.11777
1	11	0.110384
2	0       0.0297806
2	1       0.0476992
2	2       0.0806066
2	3       0.0
2	4	0.108238
2	5	0.0992126
2	6	0.10012
2	7	0.100838
2	8	0.108238
2	9	0.0992126
2	10	0.10012
2	11	0.100838
3	0       0.018749
3	1       0.0335159
3	2       0.0236531
3	3       0.0
3	4	0.0935855
3	5	0.0859103
3	6	0.0846667
3	7	0.0770455
3	8	0.0935855
3	9	0.0859103
3	10	0.0846667
3	11	0.0770455
4	0       0.0320432
4	1       0.028987
4	2       0.0421408
4	3       0.00
4	4       0.107126
4	5       0.0954624
4	6       0.0959948
4	7       0.0918531
4	8       0.107126
4	9       0.0954624
4	10      0.0959948
4	11      0.0918531
5	0       0.0243843
5	1       0.012214
5	2       0.0372486 
5	3       0.0
5	4       0.0603145
5	5       0.11148
5	6       0.127665
5	7       0.123274
5	8       0.0603145
5	9       0.11148
5	10      0.127665
5	11      0.123274
6	0       0.137694
6	1       0.139652
6	2       0.118354
6	3       0.131977
6	4	0.139848
6	5	0.141199
6	6	0.13215
6	7	0.0650036
6	8	0.139848
6	9	0.141199
6	10	0.13215
6	11	0.0650036
7	0       0.06790663
7	1       0.0221101
7	2       0.03943419
7	3       0.004117538
7	4	0.1
7	5	0.1
7	6	0.1
7	7	0.1
7	8	0.1
7	9	0.1
7	10	0.1
7	11	0.1
8	0       0.0766886
8	1       0.0188227
8	2       0.000344076
8	3       0.00630075 
8	4	0.102414
8	5	0.10116
8	6	0.107309
8	7	0.130794
8	8	0.102414
8	9	0.10116
8	10	0.107309
8	11	0.130794
9	0       0.0555862
9	1       0.035442 
9	2       0.0360575 
9	3       0.0376124 
9	4	0.101948
9	5	0.0974855
9	6	0.102035
9	7	0.101319
9	8	0.101948
9	9	0.0974855
9	10	0.102035
9	11	0.101319
10	0       0.0644578
10	1       0.0567419 
10	2       0.0628505
10	3       0.0616726
10	4	0.100613
10	5	0.108364
10	6	0.117422
10	7	0.133265
10	8	0.100613
10	9	0.108364
10	10	0.117422
10	11	0.133265
11	0       0.0465851
11	1       0.0464883
11	2       0.0662875 
11	3       0.0440841 
11	4	0.14031
11	5	0.132049
11	6	0.12602
11	7	0.0707208
11	8	0.14031
11	9	0.132049
11	10	0.12602
11	11	0.0707208
12	0       0.108793
12	1       0.110805
12	2       0.0778367
12	3       0.0876193
12	4	0.127419
12	5	0.121041
12	6	0.134695
12	7	0.135929
12	8	0.127419
12	9	0.121041
12	10	0.134695
12	11	0.135929
13	0       0.100214
13	1       0.0876572
13	2       0.0617942
13	3       0.0529962
13	4	0.141615
13	5	0.144047
13	6	0.148084
13	7	0.152504
13	8	0.141615
13	9	0.144047
13	10	0.148084
13	11	0.152504
14	0       0.126737
14	1       0.177401
14	2       0.10719 
14	3       0.104137
14	4	0.173999
14	5	0.174742
14	6	0.164437
14	7	0.119056
14	8	0.173999
14	9	0.174742
14	10	0.164437
14	11	0.119056
15	0       0.115145 
15	1       0.114719
15	2       0.114436
15	3       0.103436
15	4		0.132534
15	5		0.139153
15	6		0.14895
15	7		0.159397
15	8		0.132534
15	9		0.139153
15	10		0.14895
15	11		0.159397
16	0       0.108868
16	1       0.0826692 
16	2       0.0723304 
16	3       0.100885 
16	4		0.135737
16	5		0.120177
16	6		0.142032
16	7		0.142974
16	8		0.135737
16	9		0.120177
16	10		0.142032
16	11		0.142974
17	0       0.0833767
17	1       0.0866592
17	2       0.111652
17	3       0.0583706
17	4		0.153383
17	5		0.146042
17	6		0.143184
17	7		0.148306
17	8		0.153383
17	9		0.146042
17	10		0.143184
17	11		0.148306
18	0       0.095784
18	1       0.113504
18	2       0.133191
18	3       0.163576 
18	4       0.143128
18	5       0.139819
18	6       0.136694
18	7       0.130009
18	8       0.143128
18	9       0.139819
18	10      0.136694
18	11      0.130009
19	0       0.120581
19	1       0.126015
19	2       0.156688
19	3       0.155001
19	4       0.135568
19	5       0.124676
19	6       0.10762
19	7       0.0799177
19	8       0.135568
19	9       0.124676
19	10      0.10762
19	11      0.0799177
20	0		0.11014 
20	1		0.163142
20	2		0.121838
20	3		0.152956
20	4		0.184106
20	5		0.186346
20  6		0.192786
20	7		0.189101
20	8		0.184106
20	9		0.186346
20  10		0.192786
20	11		0.189101
21	0       0.0862811
21	1       0.0998622
21	2       0.118344
21	3       0.126446 
21	4       0.180906
21	5       0.189352
21	6       0.191196
21	7       0.185805
21	8       0.180906
21	9       0.189352
21	10      0.191196
21	11      0.185805
22	0       0.0543716
22	1       0.0647727
22	2       0.0876952
22	3       0.115975
22	4       0.10912
22	5       0.107738
22	6       0.123751
22	7       0.1244
22	8       0.10912
22	9       0.107738
22	10      0.123751
22	11      0.1244
23	0       0.0
23	1       0.0811063
23	2       0.0723603
23	3       0.117681
23	4       0.120961
23	5       0.122328
23	6       0.125643
23	7       0.127661
23	8       0.120961
23	9       0.122328
23	10      0.125643
23	11      0.127661
24	0       0.089234
24	1       0.0993905
24	2       0.119353
24	3       0.150026
24	4       0.119072
24	5       0.126863
24	6       0.135508
24	7       0.146046
24	8       0.119072
24	9       0.126863
24	10      0.135508
24	11      0.146046
25	0       0.111127
25	1       0.0859016
25	2       0.113594
25	3       0.148251
25	4       0.149118
25	5       0.152719
25	6       0.139956
25	7       0.0935929
25	8       0.149118
25	9       0.152719
25	10      0.139956
25	11      0.0935929
26	0       -0.0054188
26	1       -0.0404078
26	2       -0.0192068
26	3       0.02151044
26	4       0.1
26	5       0.1
26	6       0.1
26	7       0.1
26	8       0.1
26	9       0.1
26	10      0.1
26	11      0.1
27	0       0.0920719
27	1       0.0289519 
27	2       0.0557207 
27	3       0.122755 
27	4       0.980768
27	5       0.142033
27	6       0.143911
27	7       0.14126
27	8       0.980768
27	9       0.142033
27	10      0.143911
27	11      0.14126
28	0       0.120847
28	1       0.108112  
28	2       0.127703
28	3       0.172975 
28	4       0.151501
28	5       0.139499
28	6       0.127089
28	7       0.11417
28	8       0.151501
28	9       0.139499
28	10      0.127089
28	11      0.11417
29	0       0.113364 
29	1       0.105675
29	2       0.151924
29	3       0.148966
29	4	0.100208
29	5	0.0692854
29	6	-0.640601
29	7	-0.977654
29	8	0.100208
29	9	0.0692854
29	10	-0.640601
29	11	-0.977654


