1	3	0	1085.5	1655.5	3941.5	6227.5	8285.5	8934.5
1	3	1	1223.5	1832.5	4259.5	6689.5	8876.5	9573.5
1	3	2	1169.5	1771.5	4182.5	6593.5	8764.5	9455.5
1	3	3	1087.5	1650.5	3909.5	6170.5	8204.5	8847.5
1	3	4	1283.5	1863.5	4191.5	6524.5	8620.5	9283.5
1	3	5	1176.5	1763.5	4114.5	6471.5	8587.5	9256.5
1	3	6	1187.5	1756.5	4039.5	6324.5	8379.5	9032.5
1	3	7	1141.5	1724.5	4067.5	6416.5	8525.5	9192.5
1	3	8	1235.5	1846.5	4287.5	6733.5	8933.5	9634.5
1	3	9	1231.5	1785.5	4011.5	6240.5	8243.5	8877.5
1	3	10	1158.5	1738.5	4067.5	6401.5	8497.5	9160.5
1	3	11	1271.5	1869.5	4273.5	6681.5	8847.5	9537.5
1	3	12	1135.5	1677.5	3860.5	6045.5	8010.5	8634.5
1	3	13	1369.5	1985.5	4466.5	6946.5	9179.5	9882.5
1	3	14	1195.5	1799.5	4218.5	6641.5	8821.5	9514.5
1	3	15	1326.5	1915.5	4277.5	6643.5	8772.5	9451.5
1	4	0	1154.5	1737.5	4073.5	6413.5	8516.5	9183.5
1	4	1	1033.5	1584.5	3790.5	6005.5	7995.5	8628.5
1	4	2	1179.5	1789.5	4237.5	6687.5	8892.5	9594.5
1	4	3	1216.5	1788.5	4089.5	6395.5	8466.5	9121.5
1	4	4	1095.5	1641.5	3831.5	6028.5	8003.5	8632.5
1	4	5	1098.5	1673.5	3990.5	6309.5	8395.5	9058.5
1	4	6	1317.5	1907.5	4277.5	6651.5	8788.5	9469.5
1	4	7	1095.5	1656.5	3915.5	6176.5	8209.5	8853.5
1	4	8	1198.5	1776.5	4096.5	6420.5	8508.5	9169.5
1	4	9	1128.5	1714.5	4076.5	6441.5	8567.5	9239.5
1	4	10	1227.5	1801.5	4102.5	6410.5	8483.5	9140.5
1	4	11	1122.5	1687.5	3966.5	6247.5	8297.5	8945.5
1	4	12	1294.5	1908.5	4375.5	6841.5	9066.5	9767.5
1	4	13	1145.5	1676.5	3809.5	5948.5	7867.5	8483.5
1	4	14	1166.5	1704.5	3868.5	6034.5	7982.5	8603.5
1	4	15	1169.5	1767.5	4168.5	6571.5	8732.5	9419.5
1	7	0	1170.5	1749.5	4076.5	6406.5	8498.5	9161.5
1	7	1	1230.5	1831.5	4239.5	6649.5	8819.5	9509.5
1	7	2	1230.5	1843.5	4296.5	6752.5	8963.5	9662.5
1	7	3	1106.5	1661.5	3897.5	6135.5	8147.5	8785.5
1	7	4	1176.5	1765.5	4130.5	6500.5	8628.5	9304.5
1	7	5	1243.5	1846.5	4259.5	6677.5	8852.5	9545.5	9647.5
1	7	6	1114.5	1654.5	3819.5	5992.5	7944.5	8566.5
1	7	7	1217.5	1811.5	4188.5	6568.5	8712.5	9389.5
1	7	8	1260.5	1865.5	4289.5	6719.5	8904.5	9600.5
1	7	9	1242.5	1829.5	4177.5	6532.5	8648.5	9318.5
1	7	10	1246.5	1889.5	4462.5	7036.5	9352.5	10086.5
1	7	11	1211.5	1817.5	4238.5	6664.5	8847.5	9543.5
1	7	12	1167.5	1738.5	4034.5	6331.5	8398.5	9055.5
1	7	13	1212.5	1794.5	4131.5	6473.5	8576.5	9242.5
1	7	14	1180.5	1822.5	4390.5	6960.5	9273.5	10005.5
1	7	15	1145.5	1716.5	4005.5	6296.5	8356.5	9011.5
1	8	3	1153.5	1725.5	4021.5	6316.5	8381.5	9036.5
1	8	4	1265.5	1831.5	4105.5	6385.5	8431.5	9079.5
1	8	5	1311.5	1887.5	4197.5	6512.5	8591.5	9248.5
1	8	6	1211.5	1773.5	4033.5	6293.5	8325.5	8971.5
1	8	7	1132.5	1673.5	3848.5	6025.5	7982.5	8604.5
1	8	8	1194.5	1763.5	4052.5	6343.5	8403.5	9057.5
1	8	9	1241.5	1794.5	4015.5	6240.5	8238.5	8870.5
1	8	10	1230.5	1768.5	3931.5	6096.5	8043.5	8662.5
1	8	11	1151.5	1724.5	4030.5	6338.5	8413.5	9072.5
1	8	12	1155.5	1737.5	4073.5	6415.5	8518.5	9182.5
1	8	13	1168.5	1722.5	3951.5	6181.5	8186.5	8821.5
1	8	14	1693.5	3887.5	6083.5	8057.5	8686.5
2	3	0	1406.5	1960.5	4226.5	6497.5	8536.5	9193.5
2	3	1	1410.5	1952.5	4160.5	6365.5	8353.5	9000.5
2	3	2	1864.5	4038.5	6218.5	8173.5	8808.5
2	3	3	1482.5	2065.5	4420.5	6773.5	8883.5	9573.5
2	3	4	1435.5	1984.5	4195.5	6410.5	8397.5	9029.5
2	3	5	1509.5	2085.5	4417.5	6747.5	8836.5	9506.5
2	3	6	1916.5	4216.5	6522.5	8593.5	9246.5
2	3	7	1527.5	2063.5	4229.5	6401.5	8349.5	8967.5
2	3	8	1424.5	1990.5	4271.5	6559.5	8613.5	9274.5
2	3	9	1402.5	1947.5	4165.5	6387.5	8382.5	9028.5
2	3	10	1416.5	1959.5	4156.5	6357.5	8334.5	8976.5
2	3	11	1449.5	2022.5	4343.5	6667.5	8753.5	9425.5
2	3	12	1414.5	1982.5	4284.5	6595.5	8670.5	9326.5
2	3	13	1454.5	2009.5	4258.5	6515.5	8541.5	9181.5
2	3	14	1459.5	1996.5	4178.5	6363.5	8328.5	8949.5
2	3	15	1462.5	2015.5	4259.5	6512.5	8535.5	9173.5
2	4	0	1501.5	2067.5	4365.5	6663.5	8730.5	9382.5	9478.5
2	4	1	1388.5	1931.5	4133.5	6338.5	8321.5	8948.5
2	4	2	1505.5	2075.5	4392.5	6709.5	8789.5	9451.5
2	4	3	1464.5	2033.5	4333.5	6639.5	8710.5	9364.5
2	4	4	1516.5	2075.5	4335.5	6602.5	8638.5	9283.5
2	4	5	1524.5	2094.5	4407.5	6720.5	8796.5	9460.5
2	4	6	1529.5	2130.5	4568.5	7005.5	9197.5	9892.5
2	4	7	1455.5	1999.5	4201.5	6408.5	8388.5	9019.5
2	4	8	1395.5	1938.5	4132.5	6329.5	8306.5	8930.5
2	4	9	1412.5	1993.5	4337.5	6687.5	8794.5	9469.5
2	4	10	1453.5	2005.5	4229.5	6462.5	8466.5	9100.5
2	4	11	1517.5	2095.5	4427.5	6761.5	8854.5	9525.5
2	4	12	1591.5	2181.5	4571.5	6960.5	9109.5	9788.5
2	4	13	1428.5	1942.5	4022.5	6106.5	7981.5	8580.5
2	4	14	1456.5	2007.5	4232.5	6466.5	8471.5	9105.5
2	4	15	1619.5	2218.5	4640.5	7065.5	9248.5	9936.5
2	7	0	1046.5	1596.5	3785.5	5991.5	7972.5	8602.5
2	7	1	1078.5	1627.5	3814.5	6016.5	7993.5	8623.5
2	7	2	1049.5	1620.5	3904.5	6195.5	8257.5	8908.5	8994.5
2	7	3	1291.5	1937.5	4546.5	7157.5	9512.5	10252.5
2	7	4	1283.5	1767.5	2188.5	2320.5
2	7	5	1416.5	1937.5	2402.5	2550.5
2	7	6	1207.5	1795.5	4181.5	6566.5	8710.5	9386.5
2	7	7	1172.5	1755.5	4118.5	6481.5	8604.5	9275.5
2	7	8	1145.5	1758.5	4242.5	6731.5	8960.5	9677.5
2	7	9	1421.5	1928.5	2379.5	2523.5
2	7	11	1167.5	1774.5	4237.5	6703.5	8925.5	9632.5
2	7	12	1155.5	1726.5	4019.5	6317.5	8393.5	9050.5
2	7	13	1051.5	1593.5	3759.5	5938.5	7899.5	8525.5
2	7	14	1182.5	1744.5	4009.5	6278.5	8323.5	8971.5
2	7	15	1165.5	1758.5	4152.5	6553.5	8713.5	9393.5	9485.5
2	8	0	1193.5	1846.5	4482.5	7114.5	9491.5	10237.5
2	8	3	1282.5	1946.5	4639.5	7326.5	9744.5	10513.5
2	8	4	1215.5	1839.5	4353.5	6856.5	9115.5	9828.5
2	8	5	1238.5	1884.5	4489.5	7088.5	9429.5	10169.5
2	8	6	1232.5	1886.5	4531.5	7171.5	9552.5	10301.5
2	8	7	1237.5	1851.5	4328.5	6804.5	9037.5	9740.5
2	8	8	1303.5	1959.5	4626.5	7289.5	9689.5	10442.5
2	8	9	1369.5	2033.5	4736.5	7447.5	9874.5	10647.5	10757.5
2	8	10	1301.5	1960.5	4639.5	7317.5	9725.5	10492.5
2	8	11	1282.5	1975.5	4785.5	7605.5	10134.5	10929.5
2	8	12	1362.5	1990.5	4539.5	7086.5	9379.5	10104.5
2	8	13	1319.5	1960.5	4570.5	7175.5	9525.5	10263.5
2	8	14	1199.5	1832.5	4395.5	6953.5	9256.5	9980.5
2	8	15	1283.5	2012.5	4969.5	7926.5	10592.5	11426.5	11528.5
2	11	0	1042.5	1619.5	3925.5	6236.5	8314.5	8971.5
2	11	1	1112.5	1668.5	3898.5	6131.5	8138.5	8773.5
2	11	2	1120.5	1679.5	3922.5	6169.5	8187.5	8834.5
2	11	3	1131.5	1701.5	3988.5	6281.5	8342.5	9007.5
2	11	4	1080.5	1627.5	3816.5	6016.5	7991.5	8618.5
2	11	5	1037.5	1568.5	3696.5	5830.5	7749.5	8357.5
2	11	6	1159.5	1715.5	3947.5	6181.5	8190.5	8824.5
2	11	7	1073.5	1553.5	3479.5	5406.5	7136.5	7689.5
2	11	8	1181.5	1768.5	4143.5	6521.5	8655.5	9328.5
2	11	9	1145.5	1701.5	3929.5	6160.5	8166.5	8800.5
2	11	10	1201.5	1798.5	4211.5	6627.5	8792.5	9482.5
2	11	11	1157.5	1745.5	4118.5	6494.5	8626.5	9298.5
2	11	12	1174.5	1756.5	4104.5	6454.5	8564.5	9229.5
2	11	13	1069.5	1608.5	3749.5	5901.5	7832.5	8451.5
2	11	14	1084.5	1670.5	4013.5	6362.5	8476.5	9140.5
2	11	15	1074.5	1653.5	3965.5	6282.5	8366.5	9026.5
2	12	0	1287.5	1958.5	4678.5	7402.5	9847.5	10624.5
2	12	1	1289.5	1908.5	4421.5	6927.5	9184.5	9895.5	10015.5
2	12	2	1227.5	1861.5	4408.5	6953.5	9244.5	9963.5
2	12	3	1352.5	2029.5	4769.5	7517.5	9977.5	10763.5
2	12	4	1274.5	1975.5	4815.5	7662.5	10215.5	11019.5
2	12	5	1376.5	2039.5	4740.5	7447.5	9870.5	10641.5	10765.5
2	12	6	1378.5	2082.5	4942.5	7801.5	10372.5	11181.5
2	12	7	1335.5	2040.5	4902.5	7761.5	10335.5	11143.5
2	12	8	1226.5	1784.5	4045.5	6306.5	8338.5	8984.5
2	12	9	1194.5	1768.5	4088.5	6412.5	8498.5	9155.5
2	12	10	1210.5	1800.5	4189.5	6579.5	8726.5	9402.5
2	12	11	1206.5	1793.5	4172.5	6551.5	8688.5	9362.5	9471.5
2	12	12	1151.5	1741.5	4115.5	6494.5	8629.5	9303.5
2	12	13	1145.5	1710.5	3973.5	6242.5	8281.5	8924.5
2	12	14	1233.5	1819.5	4169.5	6525.5	8640.5	9307.5
2	12	15	1232.5	1838.5	4269.5	6707.5	8890.5	9587.5
