1	1	0	1262.5	1910.5	4501.5	7090.5	9539.5	11009.5
1	1	1	1276.5	1862.5	4207.5	6554.5	8766.5	10106.5
1	1	2	1296.5	1921.5	4436.5	6947.5	9321.5	10750.5
1	1	3	1281.5	1897.5	4369.5	6835.5	9171.5	10579.5
1	1	5	1254.5	1882.5	4400.5	6914.5	9293.5	10723.5
1	1	6	1214.5	1811.5	4214.5	6616.5	8878.5	10246.5
1	1	7	1190.5	1773.5	4120.5	6468.5	8681.5	10013.5
1	1	8	1203.5	1792.5	4163.5	6535.5	8766.5	10117.5
1	1	9	1218.5	1820.5	4242.5	6666.5	8947.5	10327.5
1	1	10	1139.5	1707.5	3981.5	6258.5	8406.5	9703.5
1	1	11	1229.5	1812.5	4162.5	6513.5	8727.5	10062.5
1	1	12	1225.5	1819.5	4213.5	6606.5	8859.5	10221.5
1	1	13	1244.5	1839.5	4225.5	6614.5	8862.5	10221.5
1	1	15	1339.5	2001.5	4673.5	7340.5	9857.5	11376.5
1	2	0	1276.5	1839.5	4108.5	6374.5	8515.5	9807.5
1	2	1	1347.5	1955.5	4414.5	6865.5	9185.5	10585.5
1	2	2	1338.5	1933.5	4334.5	6734.5	9002.5	10369.5
1	2	3	1271.5	1828.5	4070.5	6311.5	8427.5	9707.5
1	2	4	1276.5	1886.5	4336.5	6785.5	9101.5	10497.5
1	2	5	1210.5	1799.5	4172.5	6546.5	8782.5	10134.5
1	2	6	1223.5	1797.5	4113.5	6429.5	8612.5	9927.5
1	2	7	1309.5	1902.5	4286.5	6673.5	8921.5	10282.5
1	2	8	1276.5	1887.5	4336.5	6785.5	9100.5	10495.5
1	2	9	1302.5	1870.5	4151.5	6437.5	8591.5	9887.5
1	2	10	1277.5	1884.5	4314.5	6744.5	9042.5	10425.5
1	2	11	1345.5	1948.5	4380.5	6805.5	9102.5	10484.5
1	2	12	1221.5	1790.5	4085.5	6378.5	8544.5	9846.5
1	2	13	1278.5	1880.5	4290.5	6704.5	8977.5	10352.5
1	2	14	1272.5	1902.5	4429.5	6953.5	9337.5	10771.5
1	2	15	1264.5	1857.5	4232.5	6610.5	8849.5	10203.5
1	5	0	1088.5	1710.5	4194.5	6679.5	9024.5	10437.5
1	5	1	986.5	1599.5	4041.5	6488.5	8791.5	10185.5
1	5	2	1048.5	1659.5	4094.5	6532.5	8827.5	10216.5
1	5	3	1096.5	1720.5	4209.5	6700.5	9050.5	10466.5
1	5	4	1048.5	1650.5	4047.5	6446.5	8709.5	10074.5
1	5	5	1085.5	1700.5	4152.5	6606.5	8918.5	10316.5
1	5	6	1057.5	1670.5	4114.5	6560.5	8863.5	10255.5
1	5	7	1022.5	1610.5	3956.5	6302.5	8518.5	9851.5
1	5	8	1056.5	1693.5	4231.5	6768.5	9165.5	10611.5
1	5	9	983.5	1613.5	4126.5	6642.5	9012.5	10441.5
1	5	10	1103.5	1696.5	4061.5	6429.5	8661.5	10002.5
1	5	11	1629.5	4039.5	6450.5	8723.5	10093.5
1	5	12	1032.5	1631.5	4022.5	6417.5	8674.5	10034.5
1	5	13	1537.5	3803.5	6073.5	8213.5	9507.5
1	5	14	1032.5	1610.5	3923.5	6237.5	8419.5	9739.5
1	5	15	1075.5	1709.5	4245.5	6780.5	9177.5	10623.5
1	6	0	1036.5	1607.5	3883.5	6159.5	8308.5	9606.5
1	6	1	1096.5	1743.5	4335.5	6924.5	9372.5	10844.5
1	6	2	1096.5	1698.5	4097.5	6499.5	8761.5	10127.5
1	6	3	984.5	1553.5	3816.5	6086.5	8227.5	9519.5
1	6	4	1136.5	1743.5	4176.5	6610.5	8902.5	10287.5
1	6	5	1062.5	1668.5	4082.5	6499.5	8775.5	10150.5
1	6	6	998.5	1559.5	3790.5	6027.5	8137.5	9409.5
1	6	7	1099.5	1760.5	4416.5	7065.5	9571.5	11077.5
1	6	8	1027.5	1672.5	4247.5	6821.5	9255.5	10718.5
1	6	9	1065.5	1646.5	3961.5	6276.5	8464.5	9781.5
1	6	10	1089.5	1718.5	4226.5	6734.5	9105.5	10532.5
1	6	11	1102.5	1761.5	4412.5	7055.5	9555.5	11055.5
1	6	12	1145.5	1755.5	4207.5	6657.5	8965.5	10359.5
1	6	13	1094.5	1706.5	4148.5	6592.5	8894.5	10284.5
1	6	14	947.5	1472.5	3560.5	5649.5	7619.5	8805.5
1	6	15	1039.5	1607.5	3866.5	6132.5	8268.5	9557.5
1	9	0	862.5	1431.5	3703.5	5974.5	8118.5	9414.5
1	9	1	1002.5	1628.5	4113.5	6603.5	8948.5	10369.5
1	9	2	1002.5	1617.5	4060.5	6508.5	8813.5	10208.5
1	9	3	1118.5	1741.5	4224.5	6709.5	9053.5	10465.5
1	9	4	1199.5	1833.5	4361.5	6883.5	9271.5	10710.5
1	9	5	1031.5	1638.5	4049.5	6463.5	8739.5	10115.5
1	9	6	1075.5	1700.5	4187.5	6675.5	9024.5	10439.5
1	9	7	1030.5	1638.5	4052.5	6469.5	8745.5	10122.5
1	9	8	1051.5	1656.5	4056.5	6459.5	8724.5	10091.5
1	9	9	1012.5	1611.5	3985.5	6362.5	8605.5	9955.5
1	9	10	995.5	1609.5	4047.5	6488.5	8786.5	10175.5
1	9	11	944.5	1550.5	3959.5	6366.5	8641.5	10009.5
1	9	12	959.5	1544.5	3865.5	6190.5	8384.5	9709.5
1	9	13	1053.5	1652.5	4027.5	6407.5	8651.5	9998.5
1	9	14	1034.5	1647.5	4083.5	6523.5	8819.5	10209.5
1	9	15	1005.5	1598.5	3957.5	6314.5	8545.5	9884.5
1	10	0	999.5	1598.5	3983.5	6370.5	8624.5	9983.5
1	10	1	1078.5	1699.5	4172.5	6646.5	8976.5	10391.5
1	10	2	994.5	1601.5	4021.5	6443.5	8730.5	10115.5
1	10	3	969.5	1556.5	3894.5	6231.5	8438.5	9775.5
1	10	4	983.5	1576.5	3936.5	6295.5	8527.5	9870.5
1	10	5	1099.5	1720.5	4187.5	6658.5	8989.5	10403.5
1	10	6	1011.5	1611.5	4001.5	6393.5	8653.5	10019.5
1	10	7	982.5	1564.5	3884.5	6200.5	8391.5	9719.5
1	10	8	963.5	1565.5	3961.5	6357.5	8622.5	9986.5
1	10	9	1056.5	1707.5	4301.5	6894.5	9347.5	10826.5
1	10	10	1058.5	1665.5	4078.5	6493.5	8767.5	10148.5
1	10	11	983.5	1591.5	4011.5	6434.5	8720.5	10101.5
1	10	12	1017.5	1624.5	4041.5	6462.5	8744.5	10126.5
1	10	13	961.5	1536.5	3822.5	6114.5	8275.5	9587.5
1	10	14	974.5	1556.5	3869.5	6187.5	8374.5	9700.5
1	10	15	1051.5	1694.5	4254.5	6814.5	9236.5	10701.5
1	11	0	1145.5	1746.5	4152.5	6558.5	8828.5	10204.5
1	11	1	1100.5	1746.5	4331.5	6914.5	9357.5	10832.5
1	11	2	1178.5	1818.5	4384.5	6941.5	9360.5	10823.5
1	11	3	1063.5	1667.5	4071.5	6480.5	8747.5	10122.5
1	11	4	1090.5	1726.5	4252.5	6779.5	9170.5	10615.5
1	11	5	1133.5	1766.5	4309.5	6847.5	9249.5	10701.5
1	11	6	1192.5	1804.5	4258.5	6710.5	9023.5	10420.5
1	11	7	1162.5	1785.5	4279.5	6769.5	9123.5	10546.5
1	11	8	1104.5	1712.5	4135.5	6558.5	8842.5	10226.5
1	11	9	1127.5	1728.5	4115.5	6506.5	8756.5	10120.5
1	11	10	1168.5	1795.5	4305.5	6809.5	9179.5	10615.5
1	11	11	1064.5	1657.5	4011.5	6366.5	8590.5	9931.5
1	11	12	1144.5	1734.5	4083.5	6433.5	8651.5	9986.5
1	11	13	1131.5	1754.5	4250.5	6743.5	9101.5	10526.5
1	11	14	1124.5	1720.5	4089.5	6462.5	8701.5	10053.5
1	11	15	1117.5	1727.5	4152.5	6580.5	8868.5	10255.5
1	12	0	1054.5	1646.5	3999.5	6355.5	8582.5	9923.5
1	12	1	1687.5	4163.5	6644.5	8979.5	10395.5
1	12	2	1094.5	1725.5	4242.5	6758.5	9138.5	10578.5
1	12	3	1027.5	1614.5	3955.5	6296.5	8511.5	9844.5
1	12	4	1063.5	1678.5	4133.5	6591.5	8908.5	10312.5
1	12	5	1071.5	1706.5	4240.5	6775.5	9172.5	10623.5
1	12	6	1630.5	4095.5	6565.5	8892.5	10301.5
1	12	7	997.5	1607.5	4038.5	6473.5	8767.5	10159.5
1	12	8	1666.5	4039.5	6417.5	8661.5	10018.5
1	12	9	987.5	1519.5	3655.5	5786.5	7803.5	9026.5
1	12	10	1104.5	1728.5	4221.5	6716.5	9072.5	10496.5
1	12	11	1046.5	1637.5	3996.5	6358.5	8590.5	9935.5
1	12	12	1022.5	1603.5	3929.5	6254.5	8453.5	9782.5
1	12	13	1066.5	1683.5	4154.5	6629.5	8960.5	10374.5
1	12	14	1696.5	4076.5	6459.5	8709.5	10068.5
1	12	15	1671.5	4024.5	6380.5	8605.5	9947.5
1	13	0	992.5	1591.5	4007.5	6427.5	8712.5	10094.5
1	13	1	1663.5	4068.5	6478.5	8747.5	10123.5
1	13	2	1031.5	1674.5	4172.5	6672.5	9031.5	10456.5
1	13	3	1038.5	1651.5	4048.5	6449.5	8716.5	10085.5
1	13	4	1182.5	1807.5	4296.5	6780.5	9130.5	10551.5
1	13	5	1641.5	4108.5	6578.5	8906.5	10319.5
1	13	6	1070.5	1689.5	4153.5	6619.5	8943.5	10352.5
1	13	7	1661.5	4023.5	6386.5	8620.5	9967.5
1	13	8	1125.5	1753.5	4294.5	6829.5	9227.5	10677.5
1	13	9	1100.5	1682.5	4044.5	6409.5	8638.5	9980.5
1	13	10	1149.5	1731.5	4104.5	6479.5	8720.5	10072.5
1	13	11	1087.5	1680.5	4105.5	6533.5	8818.5	10201.5
1	13	12	1067.5	1661.5	4087.5	6517.5	8805.5	10191.5
1	13	13	1076.5	1657.5	4032.5	6411.5	8654.5	10005.5
1	13	14	1154.5	1759.5	4258.5	6751.5	9109.5	10535.5
1	13	15	1230.5	1860.5	4440.5	7016.5	9450.5	10918.5
1	14	0	992.5	1581.5	3967.5	6351.5	8604.5	9963.5
1	14	1	971.5	1588.5	4072.5	6559.5	8903.5	10324.5
1	14	2	1036.5	1655.5	4139.5	6627.5	8970.5	10392.5
1	14	3	996.5	1594.5	3988.5	6384.5	8649.5	10015.5
1	14	4	971.5	1606.5	4140.5	6677.5	9073.5	10521.5
1	14	5	942.5	1519.5	3813.5	6113.5	8284.5	9599.5
1	14	6	950.5	1548.5	3928.5	6309.5	8561.5	9917.5
1	14	7	985.5	1616.5	4129.5	6646.5	9021.5	10456.5
1	14	8	1079.5	1724.5	4292.5	6860.5	9291.5	10755.5
1	14	9	933.5	1526.5	3889.5	6252.5	8487.5	9832.5
1	14	10	948.5	1575.5	4069.5	6567.5	8922.5	10349.5
1	14	11	963.5	1590.5	4091.5	6595.5	8955.5	10384.5
1	14	12	985.5	1568.5	3892.5	6218.5	8415.5	9745.5
1	14	13	1055.5	1686.5	4209.5	6730.5	9115.5	10556.5
1	14	14	954.5	1571.5	4031.5	6496.5	8818.5	10226.5
1	14	15	920.5	1511.5	3859.5	6214.5	8435.5	9781.5
2	1	0	986.5	1572.5	3924.5	6273.5	8493.5	9830.5
2	1	1	1102.5	1685.5	4078.5	6463.5	8708.5	10070.5
2	1	2	1100.5	1685.5	4085.5	6475.5	8725.5	10092.5
2	1	3	1041.5	1592.5	3827.5	6062.5	8169.5	9443.5
2	1	4	1141.5	1719.5	4089.5	6451.5	8673.5	10024.5
2	1	5	1126.5	1699.5	4055.5	6402.5	8613.5	9946.5
2	1	6	1078.5	1659.5	4035.5	6405.5	8636.5	9979.5
2	1	7	1188.5	1780.5	4190.5	6593.5	8854.5	10226.5
2	1	8	1161.5	1757.5	4186.5	6606.5	8883.5	10266.5
2	1	9	1053.5	1649.5	4059.5	6468.5	8732.5	10108.5
2	1	10	1183.5	1786.5	4238.5	6682.5	8991.5	10381.5
2	1	11	1100.5	1683.5	4065.5	6441.5	8675.5	10031.5
2	1	12	1039.5	1592.5	3815.5	6040.5	8137.5	9405.5
2	1	13	1115.5	1704.5	4104.5	6499.5	8751.5	10117.5
2	1	14	1147.5	1756.5	4231.5	6696.5	9031.5	10438.5
2	1	15	1001.5	1551.5	3766.5	5985.5	8075.5	9342.5
2	2	0	1871.5	4344.5	6808.5	9142.5	10552.5
2	2	1	1252.5	1808.5	4097.5	6379.5	8539.5	9838.5
2	2	2	1145.5	1688.5	3941.5	6185.5	8305.5	9588.5
2	2	3	1118.5	1656.5	3887.5	6113.5	8216.5	9486.5
2	2	4	1197.5	1754.5	4072.5	6382.5	8569.5	9883.5
2	2	5	1243.5	1822.5	4213.5	6603.5	8854.5	10220.5
2	2	6	1299.5	1867.5	4235.5	6604.5	8834.5	10187.5
2	2	7	1174.5	1760.5	4200.5	6635.5	8929.5	10320.5
2	2	8	1290.5	1907.5	4476.5	7036.5	9456.5	10913.5
2	2	9	1191.5	1819.5	4415.5	7003.5	9448.5	10925.5
2	2	10	1251.5	1916.5	4654.5	7394.5	9978.5	11546.5
2	2	11	1238.5	1877.5	4517.5	7151.5	9637.5	11143.5
2	2	12	1295.5	1902.5	4425.5	6938.5	9314.5	10743.5
2	2	13	1261.5	1870.5	4383.5	6884.5	9254.5	10686.5
2	2	14	1193.5	1787.5	4263.5	6730.5	9064.5	10467.5
2	2	15	1289.5	1919.5	4533.5	7140.5	9605.5	11092.5
2	5	0	1292.5	1840.5	4171.5	6499.5	8691.5	10020.5
2	5	1	1353.5	1944.5	4350.5	6746.5	9016.5	10378.5
2	5	2	1827.5	4181.5	6535.5	8752.5	10093.5
2	5	3	1755.5	4072.5	6384.5	8569.5	9876.5
2	5	4	1955.5	4422.5	6877.5	9204.5	10607.5
2	5	5	1291.5	1904.5	4318.5	6727.5	9007.5	10376.5
2	5	6	1873.5	4169.5	6464.5	8629.5	9929.5
2	5	7	1283.5	1862.5	4207.5	6550.5	8757.5	10094.5
2	5	8	1363.5	1994.5	4512.5	7022.5	9392.5	10818.5
2	5	9	1822.5	4214.5	6606.5	8855.5	10213.5
2	5	10	1375.5	2053.5	4753.5	7459.5	10006.5	11542.5
2	5	11	1385.5	2032.5	4659.5	7289.5	9765.5	11255.5
2	5	12	1343.5	1954.5	4474.5	6984.5	9355.5	10782.5
2	5	13	1399.5	2020.5	4606.5	7185.5	9616.5	11087.5
2	5	14	1332.5	1915.5	4358.5	6787.5	9091.5	10476.5
2	5	15	1959.5	4436.5	6900.5	9236.5	10642.5
2	6	0	1424.5	2067.5	4705.5	7344.5	9835.5	11340.5
2	6	1	1380.5	2056.5	4834.5	7616.5	10236.5	11816.5
2	6	2	1331.5	1993.5	4701.5	7411.5	9966.5	11514.5
2	6	3	1400.5	2055.5	4734.5	7415.5	9941.5	11469.5
2	6	4	1401.5	2092.5	4904.5	7710.5	10365.5	11961.5
2	6	5	1466.5	2145.5	4900.5	7647.5	10249.5	11813.5
2	6	6	1380.5	2052.5	4777.5	7506.5	10078.5	11632.5
2	6	7	1347.5	2040.5	4847.5	7654.5	10309.5	11904.5
2	6	8	1492.5	2193.5	5031.5	7863.5	10546.5	12160.5
2	6	9	1356.5	2004.5	4626.5	7238.5	9706.5	11200.5
2	6	10	1411.5	2113.5	4948.5	7777.5	10452.5	12068.5
2	6	11	1463.5	2165.5	4999.5	7828.5	10509.5	12119.5
2	6	12	1365.5	2004.5	4589.5	7167.5	9605.5	11075.5
2	6	13	1304.5	1985.5	4737.5	7494.5	10092.5	11660.5
2	6	14	1369.5	2064.5	4871.5	7680.5	10337.5	11931.5
2	6	15	1436.5	2133.5	4947.5	7756.5	10413.5	12010.5
2	9	0	1019.5	1730.5	4615.5	7493.5	10208.5	11851.5
2	9	1	1087.5	1765.5	4513.5	7252.5	9841.5	11409.5
2	9	2	1057.5	1757.5	4586.5	7404.5	10071.5	11686.5
2	9	3	1150.5	1855.5	4684.5	7517.5	10187.5	11801.5
2	9	4	1185.5	1870.5	4617.5	7355.5	9942.5	11517.5
2	9	5	1133.5	1836.5	4654.5	7477.5	10137.5	11747.5
2	9	6	1200.5	1907.5	4736.5	7567.5	10238.5	11853.5
2	9	7	1172.5	1853.5	4582.5	7304.5	9873.5	11434.5
2	9	8	1179.5	1867.5	4625.5	7374.5	9970.5	11549.5
2	9	9	1138.5	1857.5	4734.5	7616.5	10328.5	11968.5
2	9	10	1203.5	1922.5	4799.5	7676.5	10393.5	12033.5
2	9	11	1153.5	1865.5	4711.5	7559.5	10242.5	11865.5
2	9	12	1222.5	1928.5	4759.5	7593.5	10260.5	11875.5
2	9	13	1070.5	1706.5	4274.5	6832.5	9253.5	10721.5
2	9	14	1075.5	1743.5	4436.5	7118.5	9648.5	11184.5
2	9	15	1083.5	1789.5	4641.5	7483.5	10165.5	11787.5
2	10	0	1122.5	1783.5	4455.5	7115.5	9627.5	11147.5
2	10	1	1220.5	1937.5	4810.5	7683.5	10396.5	12028.5
2	10	2	1118.5	1793.5	4517.5	7231.5	9794.5	11346.5
2	10	3	1131.5	1772.5	4360.5	6938.5	9375.5	10844.5
2	10	4	1206.5	1907.5	4708.5	7515.5	10160.5	11756.5
2	10	5	1224.5	1932.5	4777.5	7624.5	10311.5	11932.5
2	10	6	1155.5	1840.5	4592.5	7336.5	9929.5	11501.5
2	10	7	1195.5	1922.5	4835.5	7750.5	10510.5	12169.5
2	10	8	1179.5	1859.5	4589.5	7311.5	9884.5	11444.5
2	10	9	1164.5	1834.5	4519.5	7200.5	9732.5	11267.5
2	10	10	1256.5	2043.5	5195.5	8344.5	11319.5	13117.5
2	10	11	1189.5	1874.5	4623.5	7364.5	9954.5	11528.5
2	10	12	1090.5	1760.5	4465.5	7158.5	9703.5	11247.5
2	10	13	1255.5	1961.5	4793.5	7628.5	10304.5	11917.5
2	10	14	1244.5	1977.5	4924.5	7862.5	10646.5	12325.5
2	10	15	1151.5	1826.5	4534.5	7236.5	9787.5	11334.5
